xof 0303txt 0032
Material Material {
	0.640000;0.640000;0.640000;1.000000;;
	96.078430;
	0.500000;0.500000;0.500000;;
	0.000000;0.000000;0.000000;;
}
Frame Root {
	FrameTransformMatrix {
		1.000000,0.000000,0.000000,0.000000,
		0.000000,-0.000000,1.000000,0.000000,
		0.000000,1.000000,0.000000,0.000000,
		0.000000,0.000000,0.000000,1.000000;;
	}
	Frame Armature {
		FrameTransformMatrix {
			1.000000,0.000000,0.000000,0.000000,
			0.000000,1.000000,0.000000,0.000000,
			0.000000,0.000000,2.189877,0.000000,
			0.000000,0.000000,-2.368118,1.000000;;
		}
		Frame Armature_Bone {
			FrameTransformMatrix {
				1.000000,0.000000,0.000000,0.000000,
				0.000000,-0.000000,1.000000,0.000000,
				0.000000,-1.000000,-0.000000,0.000000,
				0.000000,0.000000,0.000000,1.000000;;
			}
			Frame Armature_Bone_001 {
				FrameTransformMatrix {
					1.000000,0.000000,0.000000,0.000000,
					0.000000,1.000000,0.000000,0.000000,
					0.000000,0.000000,1.000000,0.000000,
					0.000000,1.000000,0.000000,1.000000;;
				}
			}
		}
		Frame Cube {
			FrameTransformMatrix {
				1.000000,0.000000,0.000000,0.000000,
				0.000000,1.000000,0.000000,0.000000,
				0.000000,0.000000,1.097661,0.000000,
				0.000000,0.000000,1.081393,1.000000;;
			}
			Mesh {
				24;
				-1.000000;1.000000;-1.000000;,
				-1.000000;-1.000000;-1.000000;,
				1.000000;-1.000000;-1.000000;,
				0.999999;-1.000001;1.000000;,
				-1.000000;-1.000000;1.000000;,
				-1.000000;1.000000;1.000000;,
				1.000000;-1.000000;-1.000000;,
				0.999999;-1.000001;1.000000;,
				1.000000;0.999999;1.000000;,
				-1.000000;-1.000000;-1.000000;,
				-1.000000;-1.000000;1.000000;,
				0.999999;-1.000001;1.000000;,
				-1.000000;1.000000;-1.000000;,
				-1.000000;1.000000;1.000000;,
				-1.000000;-1.000000;1.000000;,
				-1.000000;1.000000;1.000000;,
				-1.000000;1.000000;-1.000000;,
				1.000000;1.000000;-1.000000;,
				1.000000;1.000000;-1.000000;,
				1.000000;0.999999;1.000000;,
				1.000000;1.000000;-1.000000;,
				1.000000;-1.000000;-1.000000;,
				-1.000000;-1.000000;-1.000000;,
				1.000000;0.999999;1.000000;;
				12;
				3;0,1,2;,
				3;3,4,5;,
				3;6,7,8;,
				3;9,10,11;,
				3;12,13,14;,
				3;15,16,17;,
				3;0,2,18;,
				3;3,5,19;,
				3;6,8,20;,
				3;9,11,21;,
				3;12,14,22;,
				3;15,17,23;;
				MeshNormals {
					24;
					0.000000;0.000000;-1.000000;,
					0.000000;0.000000;-1.000000;,
					0.000000;0.000000;-1.000000;,
					0.000000;0.000000;1.000000;,
					0.000000;0.000000;1.000000;,
					0.000000;0.000000;1.000000;,
					1.000000;0.000000;0.000000;,
					1.000000;0.000000;0.000000;,
					1.000000;0.000000;0.000000;,
					0.000000;-1.000000;0.000000;,
					0.000000;-1.000000;0.000000;,
					0.000000;-1.000000;0.000000;,
					-1.000000;0.000000;0.000000;,
					-1.000000;0.000000;0.000000;,
					-1.000000;0.000000;0.000000;,
					0.000000;1.000000;0.000000;,
					0.000000;1.000000;0.000000;,
					0.000000;1.000000;0.000000;,
					0.000000;0.000000;-1.000000;,
					0.000000;0.000000;1.000000;,
					1.000000;0.000000;0.000000;,
					0.000000;-1.000000;0.000000;,
					-1.000000;0.000000;0.000000;,
					0.000000;1.000000;0.000000;;
					12;
					3;0,1,2;,
					3;3,4,5;,
					3;6,7,8;,
					3;9,10,11;,
					3;12,13,14;,
					3;15,16,17;,
					3;0,2,18;,
					3;3,5,19;,
					3;6,8,20;,
					3;9,11,21;,
					3;12,14,22;,
					3;15,17,23;;
				}
				MeshTextureCoords {
					24;
					0.000000;0.000000;,
					0.000000;0.000000;,
					0.000000;0.000000;,
					0.000000;0.000000;,
					0.000000;0.000000;,
					0.000000;0.000000;,
					0.000000;0.000000;,
					0.000000;0.000000;,
					0.000000;0.000000;,
					0.000000;0.000000;,
					0.000000;0.000000;,
					0.000000;0.000000;,
					0.000000;0.000000;,
					0.000000;0.000000;,
					0.000000;0.000000;,
					0.000000;0.000000;,
					0.000000;0.000000;,
					0.000000;0.000000;,
					0.000000;0.000000;,
					0.000000;0.000000;,
					0.000000;0.000000;,
					0.000000;0.000000;,
					0.000000;0.000000;,
					0.000000;0.000000;;
				}
				MeshMaterialList {
					1;
					12;
					0,
					0,
					0,
					0,
					0,
					0,
					0,
					0,
					0,
					0,
					0,
					0;
					{Material}
				}
				XSkinMeshHeader {
					4;
					12;
					2;
				}
				SkinWeights {
					"Armature_Bone_001";
					24;
					0,
					1,
					2,
					3,
					4,
					5,
					6,
					7,
					8,
					9,
					10,
					11,
					12,
					13,
					14,
					15,
					16,
					17,
					18,
					19,
					20,
					21,
					22,
					23;
					0.027985,
					0.035566,
					0.027985,
					0.973787,
					0.967404,
					0.973787,
					0.027985,
					0.973787,
					0.967404,
					0.035566,
					0.967404,
					0.973787,
					0.027985,
					0.973787,
					0.967404,
					0.973787,
					0.027985,
					0.035566,
					0.035566,
					0.967404,
					0.035566,
					0.027985,
					0.035566,
					0.967404;
					1.000000,0.000000,0.000000,0.000000,
					0.000000,0.000000,-1.000000,0.000000,
					0.000000,1.097661,0.000000,0.000000,
					0.000000,0.081393,0.000000,1.000000;;
				}
				SkinWeights {
					"Armature_Bone";
					24;
					0,
					1,
					2,
					3,
					4,
					5,
					6,
					7,
					8,
					9,
					10,
					11,
					12,
					13,
					14,
					15,
					16,
					17,
					18,
					19,
					20,
					21,
					22,
					23;
					0.972015,
					0.964434,
					0.972015,
					0.026213,
					0.032596,
					0.026213,
					0.972015,
					0.026213,
					0.032596,
					0.964434,
					0.032596,
					0.026213,
					0.972015,
					0.026213,
					0.032596,
					0.026213,
					0.972015,
					0.964434,
					0.964434,
					0.032596,
					0.964434,
					0.972015,
					0.964434,
					0.032596;
					1.000000,0.000000,0.000000,0.000000,
					0.000000,0.000000,-1.000000,0.000000,
					0.000000,1.097661,0.000000,0.000000,
					0.000000,1.081393,0.000000,1.000000;;
				}
			}
		}
	}
}
AnimationSet Global {
	Animation {
		{Armature}
		AnimationKey {
			4;
			60;
			0;16;
			1.000000,0.000000,0.000000,0.000000,
			0.000000,1.000000,0.000000,0.000000,
			0.000000,0.000000,2.189877,0.000000,
			0.000000,0.000000,-2.368118,1.000000;;,
			1;16;
			1.000000,0.000000,0.000000,0.000000,
			0.000000,1.000000,0.000000,0.000000,
			0.000000,0.000000,2.189877,0.000000,
			0.000000,0.000000,-2.368118,1.000000;;,
			2;16;
			1.000000,0.000000,0.000000,0.000000,
			0.000000,1.000000,0.000000,0.000000,
			0.000000,0.000000,2.189877,0.000000,
			0.000000,0.000000,-2.368118,1.000000;;,
			3;16;
			1.000000,0.000000,0.000000,0.000000,
			0.000000,1.000000,0.000000,0.000000,
			0.000000,0.000000,2.189877,0.000000,
			0.000000,0.000000,-2.368118,1.000000;;,
			4;16;
			1.000000,0.000000,0.000000,0.000000,
			0.000000,1.000000,0.000000,0.000000,
			0.000000,0.000000,2.189877,0.000000,
			0.000000,0.000000,-2.368118,1.000000;;,
			5;16;
			1.000000,0.000000,0.000000,0.000000,
			0.000000,1.000000,0.000000,0.000000,
			0.000000,0.000000,2.189877,0.000000,
			0.000000,0.000000,-2.368118,1.000000;;,
			6;16;
			1.000000,0.000000,0.000000,0.000000,
			0.000000,1.000000,0.000000,0.000000,
			0.000000,0.000000,2.189877,0.000000,
			0.000000,0.000000,-2.368118,1.000000;;,
			7;16;
			1.000000,0.000000,0.000000,0.000000,
			0.000000,1.000000,0.000000,0.000000,
			0.000000,0.000000,2.189877,0.000000,
			0.000000,0.000000,-2.368118,1.000000;;,
			8;16;
			1.000000,0.000000,0.000000,0.000000,
			0.000000,1.000000,0.000000,0.000000,
			0.000000,0.000000,2.189877,0.000000,
			0.000000,0.000000,-2.368118,1.000000;;,
			9;16;
			1.000000,0.000000,0.000000,0.000000,
			0.000000,1.000000,0.000000,0.000000,
			0.000000,0.000000,2.189877,0.000000,
			0.000000,0.000000,-2.368118,1.000000;;,
			10;16;
			1.000000,0.000000,0.000000,0.000000,
			0.000000,1.000000,0.000000,0.000000,
			0.000000,0.000000,2.189877,0.000000,
			0.000000,0.000000,-2.368118,1.000000;;,
			11;16;
			1.000000,0.000000,0.000000,0.000000,
			0.000000,1.000000,0.000000,0.000000,
			0.000000,0.000000,2.189877,0.000000,
			0.000000,0.000000,-2.368118,1.000000;;,
			12;16;
			1.000000,0.000000,0.000000,0.000000,
			0.000000,1.000000,0.000000,0.000000,
			0.000000,0.000000,2.189877,0.000000,
			0.000000,0.000000,-2.368118,1.000000;;,
			13;16;
			1.000000,0.000000,0.000000,0.000000,
			0.000000,1.000000,0.000000,0.000000,
			0.000000,0.000000,2.189877,0.000000,
			0.000000,0.000000,-2.368118,1.000000;;,
			14;16;
			1.000000,0.000000,0.000000,0.000000,
			0.000000,1.000000,0.000000,0.000000,
			0.000000,0.000000,2.189877,0.000000,
			0.000000,0.000000,-2.368118,1.000000;;,
			15;16;
			1.000000,0.000000,0.000000,0.000000,
			0.000000,1.000000,0.000000,0.000000,
			0.000000,0.000000,2.189877,0.000000,
			0.000000,0.000000,-2.368118,1.000000;;,
			16;16;
			1.000000,0.000000,0.000000,0.000000,
			0.000000,1.000000,0.000000,0.000000,
			0.000000,0.000000,2.189877,0.000000,
			0.000000,0.000000,-2.368118,1.000000;;,
			17;16;
			1.000000,0.000000,0.000000,0.000000,
			0.000000,1.000000,0.000000,0.000000,
			0.000000,0.000000,2.189877,0.000000,
			0.000000,0.000000,-2.368118,1.000000;;,
			18;16;
			1.000000,0.000000,0.000000,0.000000,
			0.000000,1.000000,0.000000,0.000000,
			0.000000,0.000000,2.189877,0.000000,
			0.000000,0.000000,-2.368118,1.000000;;,
			19;16;
			1.000000,0.000000,0.000000,0.000000,
			0.000000,1.000000,0.000000,0.000000,
			0.000000,0.000000,2.189877,0.000000,
			0.000000,0.000000,-2.368118,1.000000;;,
			20;16;
			1.000000,0.000000,0.000000,0.000000,
			0.000000,1.000000,0.000000,0.000000,
			0.000000,0.000000,2.189877,0.000000,
			0.000000,0.000000,-2.368118,1.000000;;,
			21;16;
			1.000000,0.000000,0.000000,0.000000,
			0.000000,1.000000,0.000000,0.000000,
			0.000000,0.000000,2.189877,0.000000,
			0.000000,0.000000,-2.368118,1.000000;;,
			22;16;
			1.000000,0.000000,0.000000,0.000000,
			0.000000,1.000000,0.000000,0.000000,
			0.000000,0.000000,2.189877,0.000000,
			0.000000,0.000000,-2.368118,1.000000;;,
			23;16;
			1.000000,0.000000,0.000000,0.000000,
			0.000000,1.000000,0.000000,0.000000,
			0.000000,0.000000,2.189877,0.000000,
			0.000000,0.000000,-2.368118,1.000000;;,
			24;16;
			1.000000,0.000000,0.000000,0.000000,
			0.000000,1.000000,0.000000,0.000000,
			0.000000,0.000000,2.189877,0.000000,
			0.000000,0.000000,-2.368118,1.000000;;,
			25;16;
			1.000000,0.000000,0.000000,0.000000,
			0.000000,1.000000,0.000000,0.000000,
			0.000000,0.000000,2.189877,0.000000,
			0.000000,0.000000,-2.368118,1.000000;;,
			26;16;
			1.000000,0.000000,0.000000,0.000000,
			0.000000,1.000000,0.000000,0.000000,
			0.000000,0.000000,2.189877,0.000000,
			0.000000,0.000000,-2.368118,1.000000;;,
			27;16;
			1.000000,0.000000,0.000000,0.000000,
			0.000000,1.000000,0.000000,0.000000,
			0.000000,0.000000,2.189877,0.000000,
			0.000000,0.000000,-2.368118,1.000000;;,
			28;16;
			1.000000,0.000000,0.000000,0.000000,
			0.000000,1.000000,0.000000,0.000000,
			0.000000,0.000000,2.189877,0.000000,
			0.000000,0.000000,-2.368118,1.000000;;,
			29;16;
			1.000000,0.000000,0.000000,0.000000,
			0.000000,1.000000,0.000000,0.000000,
			0.000000,0.000000,2.189877,0.000000,
			0.000000,0.000000,-2.368118,1.000000;;,
			30;16;
			1.000000,0.000000,0.000000,0.000000,
			0.000000,1.000000,0.000000,0.000000,
			0.000000,0.000000,2.189877,0.000000,
			0.000000,0.000000,-2.368118,1.000000;;,
			31;16;
			1.000000,0.000000,0.000000,0.000000,
			0.000000,1.000000,0.000000,0.000000,
			0.000000,0.000000,2.189877,0.000000,
			0.000000,0.000000,-2.368118,1.000000;;,
			32;16;
			1.000000,0.000000,0.000000,0.000000,
			0.000000,1.000000,0.000000,0.000000,
			0.000000,0.000000,2.189877,0.000000,
			0.000000,0.000000,-2.368118,1.000000;;,
			33;16;
			1.000000,0.000000,0.000000,0.000000,
			0.000000,1.000000,0.000000,0.000000,
			0.000000,0.000000,2.189877,0.000000,
			0.000000,0.000000,-2.368118,1.000000;;,
			34;16;
			1.000000,0.000000,0.000000,0.000000,
			0.000000,1.000000,0.000000,0.000000,
			0.000000,0.000000,2.189877,0.000000,
			0.000000,0.000000,-2.368118,1.000000;;,
			35;16;
			1.000000,0.000000,0.000000,0.000000,
			0.000000,1.000000,0.000000,0.000000,
			0.000000,0.000000,2.189877,0.000000,
			0.000000,0.000000,-2.368118,1.000000;;,
			36;16;
			1.000000,0.000000,0.000000,0.000000,
			0.000000,1.000000,0.000000,0.000000,
			0.000000,0.000000,2.189877,0.000000,
			0.000000,0.000000,-2.368118,1.000000;;,
			37;16;
			1.000000,0.000000,0.000000,0.000000,
			0.000000,1.000000,0.000000,0.000000,
			0.000000,0.000000,2.189877,0.000000,
			0.000000,0.000000,-2.368118,1.000000;;,
			38;16;
			1.000000,0.000000,0.000000,0.000000,
			0.000000,1.000000,0.000000,0.000000,
			0.000000,0.000000,2.189877,0.000000,
			0.000000,0.000000,-2.368118,1.000000;;,
			39;16;
			1.000000,0.000000,0.000000,0.000000,
			0.000000,1.000000,0.000000,0.000000,
			0.000000,0.000000,2.189877,0.000000,
			0.000000,0.000000,-2.368118,1.000000;;,
			40;16;
			1.000000,0.000000,0.000000,0.000000,
			0.000000,1.000000,0.000000,0.000000,
			0.000000,0.000000,2.189877,0.000000,
			0.000000,0.000000,-2.368118,1.000000;;,
			41;16;
			1.000000,0.000000,0.000000,0.000000,
			0.000000,1.000000,0.000000,0.000000,
			0.000000,0.000000,2.189877,0.000000,
			0.000000,0.000000,-2.368118,1.000000;;,
			42;16;
			1.000000,0.000000,0.000000,0.000000,
			0.000000,1.000000,0.000000,0.000000,
			0.000000,0.000000,2.189877,0.000000,
			0.000000,0.000000,-2.368118,1.000000;;,
			43;16;
			1.000000,0.000000,0.000000,0.000000,
			0.000000,1.000000,0.000000,0.000000,
			0.000000,0.000000,2.189877,0.000000,
			0.000000,0.000000,-2.368118,1.000000;;,
			44;16;
			1.000000,0.000000,0.000000,0.000000,
			0.000000,1.000000,0.000000,0.000000,
			0.000000,0.000000,2.189877,0.000000,
			0.000000,0.000000,-2.368118,1.000000;;,
			45;16;
			1.000000,0.000000,0.000000,0.000000,
			0.000000,1.000000,0.000000,0.000000,
			0.000000,0.000000,2.189877,0.000000,
			0.000000,0.000000,-2.368118,1.000000;;,
			46;16;
			1.000000,0.000000,0.000000,0.000000,
			0.000000,1.000000,0.000000,0.000000,
			0.000000,0.000000,2.189877,0.000000,
			0.000000,0.000000,-2.368118,1.000000;;,
			47;16;
			1.000000,0.000000,0.000000,0.000000,
			0.000000,1.000000,0.000000,0.000000,
			0.000000,0.000000,2.189877,0.000000,
			0.000000,0.000000,-2.368118,1.000000;;,
			48;16;
			1.000000,0.000000,0.000000,0.000000,
			0.000000,1.000000,0.000000,0.000000,
			0.000000,0.000000,2.189877,0.000000,
			0.000000,0.000000,-2.368118,1.000000;;,
			49;16;
			1.000000,0.000000,0.000000,0.000000,
			0.000000,1.000000,0.000000,0.000000,
			0.000000,0.000000,2.189877,0.000000,
			0.000000,0.000000,-2.368118,1.000000;;,
			50;16;
			1.000000,0.000000,0.000000,0.000000,
			0.000000,1.000000,0.000000,0.000000,
			0.000000,0.000000,2.189877,0.000000,
			0.000000,0.000000,-2.368118,1.000000;;,
			51;16;
			1.000000,0.000000,0.000000,0.000000,
			0.000000,1.000000,0.000000,0.000000,
			0.000000,0.000000,2.189877,0.000000,
			0.000000,0.000000,-2.368118,1.000000;;,
			52;16;
			1.000000,0.000000,0.000000,0.000000,
			0.000000,1.000000,0.000000,0.000000,
			0.000000,0.000000,2.189877,0.000000,
			0.000000,0.000000,-2.368118,1.000000;;,
			53;16;
			1.000000,0.000000,0.000000,0.000000,
			0.000000,1.000000,0.000000,0.000000,
			0.000000,0.000000,2.189877,0.000000,
			0.000000,0.000000,-2.368118,1.000000;;,
			54;16;
			1.000000,0.000000,0.000000,0.000000,
			0.000000,1.000000,0.000000,0.000000,
			0.000000,0.000000,2.189877,0.000000,
			0.000000,0.000000,-2.368118,1.000000;;,
			55;16;
			1.000000,0.000000,0.000000,0.000000,
			0.000000,1.000000,0.000000,0.000000,
			0.000000,0.000000,2.189877,0.000000,
			0.000000,0.000000,-2.368118,1.000000;;,
			56;16;
			1.000000,0.000000,0.000000,0.000000,
			0.000000,1.000000,0.000000,0.000000,
			0.000000,0.000000,2.189877,0.000000,
			0.000000,0.000000,-2.368118,1.000000;;,
			57;16;
			1.000000,0.000000,0.000000,0.000000,
			0.000000,1.000000,0.000000,0.000000,
			0.000000,0.000000,2.189877,0.000000,
			0.000000,0.000000,-2.368118,1.000000;;,
			58;16;
			1.000000,0.000000,0.000000,0.000000,
			0.000000,1.000000,0.000000,0.000000,
			0.000000,0.000000,2.189877,0.000000,
			0.000000,0.000000,-2.368118,1.000000;;,
			59;16;
			1.000000,0.000000,0.000000,0.000000,
			0.000000,1.000000,0.000000,0.000000,
			0.000000,0.000000,2.189877,0.000000,
			0.000000,0.000000,-2.368118,1.000000;;;
		}
	}
	Animation {
		{Armature_Bone}
		AnimationKey {
			4;
			60;
			0;16;
			1.000001,0.000000,0.000000,0.000000,
			0.000000,0.000000,1.000001,0.000000,
			0.000000,-1.000001,0.000000,0.000000,
			0.000000,0.000000,0.000000,1.000000;;,
			1;16;
			1.000001,0.000000,0.000000,0.000000,
			0.000000,0.000000,1.000001,0.000000,
			0.000000,-1.000001,0.000000,0.000000,
			0.000000,0.000000,0.000000,1.000000;;,
			2;16;
			1.000001,0.000000,0.000000,0.000000,
			0.000000,0.000000,1.000001,0.000000,
			0.000000,-1.000001,0.000000,0.000000,
			0.000000,0.000000,0.000000,1.000000;;,
			3;16;
			1.000001,0.000000,0.000000,0.000000,
			0.000000,0.000000,1.000001,0.000000,
			0.000000,-1.000001,0.000000,0.000000,
			0.000000,0.000000,0.000000,1.000000;;,
			4;16;
			1.000001,0.000000,0.000000,0.000000,
			0.000000,0.000000,1.000001,0.000000,
			0.000000,-1.000001,0.000000,0.000000,
			0.000000,0.000000,0.000000,1.000000;;,
			5;16;
			1.000001,0.000000,0.000000,0.000000,
			0.000000,0.000000,1.000001,0.000000,
			0.000000,-1.000001,0.000000,0.000000,
			0.000000,0.000000,0.000000,1.000000;;,
			6;16;
			1.000001,0.000000,0.000000,0.000000,
			0.000000,0.000000,1.000001,0.000000,
			0.000000,-1.000001,0.000000,0.000000,
			0.000000,0.000000,0.000000,1.000000;;,
			7;16;
			1.000001,0.000000,0.000000,0.000000,
			0.000000,0.000000,1.000001,0.000000,
			0.000000,-1.000001,0.000000,0.000000,
			0.000000,0.000000,0.000000,1.000000;;,
			8;16;
			1.000001,0.000000,0.000000,0.000000,
			0.000000,0.000000,1.000001,0.000000,
			0.000000,-1.000001,0.000000,0.000000,
			0.000000,0.000000,0.000000,1.000000;;,
			9;16;
			1.000001,0.000000,0.000000,0.000000,
			0.000000,0.000000,1.000001,0.000000,
			0.000000,-1.000001,0.000000,0.000000,
			0.000000,0.000000,0.000000,1.000000;;,
			10;16;
			1.000001,0.000000,0.000000,0.000000,
			0.000000,0.000000,1.000001,0.000000,
			0.000000,-1.000001,0.000000,0.000000,
			0.000000,0.000000,0.000000,1.000000;;,
			11;16;
			1.000001,0.000000,0.000000,0.000000,
			0.000000,0.000000,1.000001,0.000000,
			0.000000,-1.000001,0.000000,0.000000,
			0.000000,0.000000,0.000000,1.000000;;,
			12;16;
			1.000001,0.000000,0.000000,0.000000,
			0.000000,0.000000,1.000001,0.000000,
			0.000000,-1.000001,0.000000,0.000000,
			0.000000,0.000000,0.000000,1.000000;;,
			13;16;
			1.000001,0.000000,0.000000,0.000000,
			0.000000,0.000000,1.000001,0.000000,
			0.000000,-1.000001,0.000000,0.000000,
			0.000000,0.000000,0.000000,1.000000;;,
			14;16;
			1.000001,0.000000,0.000000,0.000000,
			0.000000,0.000000,1.000001,0.000000,
			0.000000,-1.000001,0.000000,0.000000,
			0.000000,0.000000,0.000000,1.000000;;,
			15;16;
			1.000001,0.000000,0.000000,0.000000,
			0.000000,0.000000,1.000001,0.000000,
			0.000000,-1.000001,0.000000,0.000000,
			0.000000,0.000000,0.000000,1.000000;;,
			16;16;
			1.000001,0.000000,0.000000,0.000000,
			0.000000,0.000000,1.000001,0.000000,
			0.000000,-1.000001,0.000000,0.000000,
			0.000000,0.000000,0.000000,1.000000;;,
			17;16;
			1.000001,0.000000,0.000000,0.000000,
			0.000000,0.000000,1.000001,0.000000,
			0.000000,-1.000001,0.000000,0.000000,
			0.000000,0.000000,0.000000,1.000000;;,
			18;16;
			1.000001,0.000000,0.000000,0.000000,
			0.000000,0.000000,1.000001,0.000000,
			0.000000,-1.000001,0.000000,0.000000,
			0.000000,0.000000,0.000000,1.000000;;,
			19;16;
			1.000001,0.000000,0.000000,0.000000,
			0.000000,0.000000,1.000001,0.000000,
			0.000000,-1.000001,0.000000,0.000000,
			0.000000,0.000000,0.000000,1.000000;;,
			20;16;
			1.000001,0.000000,0.000000,0.000000,
			0.000000,0.000000,1.000001,0.000000,
			0.000000,-1.000001,0.000000,0.000000,
			0.000000,0.000000,0.000000,1.000000;;,
			21;16;
			1.000001,0.000000,0.000000,0.000000,
			0.000000,0.000000,1.000001,0.000000,
			0.000000,-1.000001,0.000000,0.000000,
			0.000000,0.000000,0.000000,1.000000;;,
			22;16;
			1.000001,0.000000,0.000000,0.000000,
			0.000000,0.000000,1.000001,0.000000,
			0.000000,-1.000001,0.000000,0.000000,
			0.000000,0.000000,0.000000,1.000000;;,
			23;16;
			1.000001,0.000000,0.000000,0.000000,
			0.000000,0.000000,1.000001,0.000000,
			0.000000,-1.000001,0.000000,0.000000,
			0.000000,0.000000,0.000000,1.000000;;,
			24;16;
			1.000001,0.000000,0.000000,0.000000,
			0.000000,0.000000,1.000001,0.000000,
			0.000000,-1.000001,0.000000,0.000000,
			0.000000,0.000000,0.000000,1.000000;;,
			25;16;
			1.000001,0.000000,0.000000,0.000000,
			0.000000,0.000000,1.000001,0.000000,
			0.000000,-1.000001,0.000000,0.000000,
			0.000000,0.000000,0.000000,1.000000;;,
			26;16;
			1.000001,0.000000,0.000000,0.000000,
			0.000000,0.000000,1.000001,0.000000,
			0.000000,-1.000001,0.000000,0.000000,
			0.000000,0.000000,0.000000,1.000000;;,
			27;16;
			1.000001,0.000000,0.000000,0.000000,
			0.000000,0.000000,1.000001,0.000000,
			0.000000,-1.000001,0.000000,0.000000,
			0.000000,0.000000,0.000000,1.000000;;,
			28;16;
			1.000001,0.000000,0.000000,0.000000,
			0.000000,0.000000,1.000001,0.000000,
			0.000000,-1.000001,0.000000,0.000000,
			0.000000,0.000000,0.000000,1.000000;;,
			29;16;
			1.000001,0.000000,0.000000,0.000000,
			0.000000,0.000000,1.000001,0.000000,
			0.000000,-1.000001,0.000000,0.000000,
			0.000000,0.000000,0.000000,1.000000;;,
			30;16;
			1.000001,0.000000,0.000000,0.000000,
			0.000000,0.000000,1.000001,0.000000,
			0.000000,-1.000001,0.000000,0.000000,
			0.000000,0.000000,0.000000,1.000000;;,
			31;16;
			1.000001,0.000000,0.000000,0.000000,
			0.000000,0.000000,1.000001,0.000000,
			0.000000,-1.000001,0.000000,0.000000,
			0.000000,0.000000,0.000000,1.000000;;,
			32;16;
			1.000001,0.000000,0.000000,0.000000,
			0.000000,0.000000,1.000001,0.000000,
			0.000000,-1.000001,0.000000,0.000000,
			0.000000,0.000000,0.000000,1.000000;;,
			33;16;
			1.000001,0.000000,0.000000,0.000000,
			0.000000,0.000000,1.000001,0.000000,
			0.000000,-1.000001,0.000000,0.000000,
			0.000000,0.000000,0.000000,1.000000;;,
			34;16;
			1.000001,0.000000,0.000000,0.000000,
			0.000000,0.000000,1.000001,0.000000,
			0.000000,-1.000001,0.000000,0.000000,
			0.000000,0.000000,0.000000,1.000000;;,
			35;16;
			1.000001,0.000000,0.000000,0.000000,
			0.000000,0.000000,1.000001,0.000000,
			0.000000,-1.000001,0.000000,0.000000,
			0.000000,0.000000,0.000000,1.000000;;,
			36;16;
			1.000001,0.000000,0.000000,0.000000,
			0.000000,0.000000,1.000001,0.000000,
			0.000000,-1.000001,0.000000,0.000000,
			0.000000,0.000000,0.000000,1.000000;;,
			37;16;
			1.000001,0.000000,0.000000,0.000000,
			0.000000,0.000000,1.000001,0.000000,
			0.000000,-1.000001,0.000000,0.000000,
			0.000000,0.000000,0.000000,1.000000;;,
			38;16;
			1.000001,0.000000,0.000000,0.000000,
			0.000000,0.000000,1.000001,0.000000,
			0.000000,-1.000001,0.000000,0.000000,
			0.000000,0.000000,0.000000,1.000000;;,
			39;16;
			1.000001,0.000000,0.000000,0.000000,
			0.000000,0.000000,1.000001,0.000000,
			0.000000,-1.000001,0.000000,0.000000,
			0.000000,0.000000,0.000000,1.000000;;,
			40;16;
			1.000001,0.000000,0.000000,0.000000,
			0.000000,0.000000,1.000001,0.000000,
			0.000000,-1.000001,0.000000,0.000000,
			0.000000,0.000000,0.000000,1.000000;;,
			41;16;
			1.000001,0.000000,0.000000,0.000000,
			0.000000,0.000000,1.000001,0.000000,
			0.000000,-1.000001,0.000000,0.000000,
			0.000000,0.000000,0.000000,1.000000;;,
			42;16;
			1.000001,0.000000,0.000000,0.000000,
			0.000000,0.000000,1.000001,0.000000,
			0.000000,-1.000001,0.000000,0.000000,
			0.000000,0.000000,0.000000,1.000000;;,
			43;16;
			1.000001,0.000000,0.000000,0.000000,
			0.000000,0.000000,1.000001,0.000000,
			0.000000,-1.000001,0.000000,0.000000,
			0.000000,0.000000,0.000000,1.000000;;,
			44;16;
			1.000001,0.000000,0.000000,0.000000,
			0.000000,0.000000,1.000001,0.000000,
			0.000000,-1.000001,0.000000,0.000000,
			0.000000,0.000000,0.000000,1.000000;;,
			45;16;
			1.000001,0.000000,0.000000,0.000000,
			0.000000,0.000000,1.000001,0.000000,
			0.000000,-1.000001,0.000000,0.000000,
			0.000000,0.000000,0.000000,1.000000;;,
			46;16;
			1.000001,0.000000,0.000000,0.000000,
			0.000000,0.000000,1.000001,0.000000,
			0.000000,-1.000001,0.000000,0.000000,
			0.000000,0.000000,0.000000,1.000000;;,
			47;16;
			1.000001,0.000000,0.000000,0.000000,
			0.000000,0.000000,1.000001,0.000000,
			0.000000,-1.000001,0.000000,0.000000,
			0.000000,0.000000,0.000000,1.000000;;,
			48;16;
			1.000001,0.000000,0.000000,0.000000,
			0.000000,0.000000,1.000001,0.000000,
			0.000000,-1.000001,0.000000,0.000000,
			0.000000,0.000000,0.000000,1.000000;;,
			49;16;
			1.000001,0.000000,0.000000,0.000000,
			0.000000,0.000000,1.000001,0.000000,
			0.000000,-1.000001,0.000000,0.000000,
			0.000000,0.000000,0.000000,1.000000;;,
			50;16;
			1.000001,0.000000,0.000000,0.000000,
			0.000000,0.000000,1.000001,0.000000,
			0.000000,-1.000001,0.000000,0.000000,
			0.000000,0.000000,0.000000,1.000000;;,
			51;16;
			1.000001,0.000000,0.000000,0.000000,
			0.000000,0.000000,1.000001,0.000000,
			0.000000,-1.000001,0.000000,0.000000,
			0.000000,0.000000,0.000000,1.000000;;,
			52;16;
			1.000001,0.000000,0.000000,0.000000,
			0.000000,0.000000,1.000001,0.000000,
			0.000000,-1.000001,0.000000,0.000000,
			0.000000,0.000000,0.000000,1.000000;;,
			53;16;
			1.000001,0.000000,0.000000,0.000000,
			0.000000,0.000000,1.000001,0.000000,
			0.000000,-1.000001,0.000000,0.000000,
			0.000000,0.000000,0.000000,1.000000;;,
			54;16;
			1.000001,0.000000,0.000000,0.000000,
			0.000000,0.000000,1.000001,0.000000,
			0.000000,-1.000001,0.000000,0.000000,
			0.000000,0.000000,0.000000,1.000000;;,
			55;16;
			1.000001,0.000000,0.000000,0.000000,
			0.000000,0.000000,1.000001,0.000000,
			0.000000,-1.000001,0.000000,0.000000,
			0.000000,0.000000,0.000000,1.000000;;,
			56;16;
			1.000001,0.000000,0.000000,0.000000,
			0.000000,0.000000,1.000001,0.000000,
			0.000000,-1.000001,0.000000,0.000000,
			0.000000,0.000000,0.000000,1.000000;;,
			57;16;
			1.000001,0.000000,0.000000,0.000000,
			0.000000,0.000000,1.000001,0.000000,
			0.000000,-1.000001,0.000000,0.000000,
			0.000000,0.000000,0.000000,1.000000;;,
			58;16;
			1.000001,0.000000,0.000000,0.000000,
			0.000000,0.000000,1.000001,0.000000,
			0.000000,-1.000001,0.000000,0.000000,
			0.000000,0.000000,0.000000,1.000000;;,
			59;16;
			1.000001,0.000000,0.000000,0.000000,
			0.000000,0.000000,1.000001,0.000000,
			0.000000,-1.000001,0.000000,0.000000,
			0.000000,0.000000,0.000000,1.000000;;;
		}
	}
	Animation {
		{Armature_Bone_001}
		AnimationKey {
			4;
			60;
			0;16;
			1.000000,0.000000,0.000000,0.000000,
			0.000000,1.000000,0.000000,0.000000,
			0.000000,0.000000,1.000000,0.000000,
			0.000000,1.000000,0.000000,1.000000;;,
			1;16;
			1.000000,0.000000,0.000000,0.000000,
			0.000000,0.999988,0.004778,0.000000,
			0.000000,-0.004778,0.999988,0.000000,
			0.000000,1.000000,0.000000,1.000000;;,
			2;16;
			1.000001,0.000000,0.000000,0.000000,
			0.000000,0.999815,0.019243,0.000000,
			0.000000,-0.019243,0.999815,0.000000,
			0.000000,1.000000,0.000000,1.000000;;,
			3;16;
			1.000001,0.000000,0.000000,0.000000,
			0.000000,0.999055,0.043472,0.000000,
			0.000000,-0.043472,0.999055,0.000000,
			0.000000,1.000000,0.000000,1.000000;;,
			4;16;
			0.999999,0.000000,0.000000,0.000000,
			0.000000,0.997006,0.077314,0.000000,
			0.000000,-0.077314,0.997006,0.000000,
			0.000000,1.000000,0.000000,1.000000;;,
			5;16;
			1.000001,0.000000,0.000000,0.000000,
			0.000000,0.992742,0.120273,0.000000,
			0.000000,-0.120273,0.992742,0.000000,
			0.000000,1.000000,0.000000,1.000000;;,
			6;16;
			1.000000,0.000000,0.000000,0.000000,
			0.000000,0.985204,0.171384,0.000000,
			0.000000,-0.171384,0.985204,0.000000,
			0.000000,1.000000,0.000000,1.000000;;,
			7;16;
			0.999999,0.000000,0.000000,0.000000,
			0.000000,0.973394,0.229136,0.000000,
			0.000000,-0.229136,0.973394,0.000000,
			0.000000,1.000000,0.000000,1.000000;;,
			8;16;
			1.000000,0.000000,0.000000,0.000000,
			0.000000,0.956579,0.291473,0.000000,
			0.000000,-0.291473,0.956579,0.000000,
			0.000000,1.000000,0.000000,1.000000;;,
			9;16;
			1.000000,0.000000,0.000000,0.000000,
			0.000000,0.934521,0.355907,0.000000,
			0.000000,-0.355907,0.934521,0.000000,
			0.000000,1.000000,0.000000,1.000000;;,
			10;16;
			1.000000,0.000000,0.000000,0.000000,
			0.000000,0.907631,0.419769,0.000000,
			0.000000,-0.419769,0.907631,0.000000,
			0.000000,1.000000,0.000000,1.000000;;,
			11;16;
			1.000000,0.000000,0.000000,0.000000,
			0.000000,0.876981,0.480525,0.000000,
			0.000000,-0.480525,0.876981,0.000000,
			0.000000,1.000000,0.000000,1.000000;;,
			12;16;
			0.999999,0.000000,0.000000,0.000000,
			0.000000,0.844176,0.536064,0.000000,
			0.000000,-0.536064,0.844176,0.000000,
			0.000000,1.000000,0.000000,1.000000;;,
			13;16;
			1.000001,0.000000,0.000000,0.000000,
			0.000000,0.811115,0.584889,0.000000,
			0.000000,-0.584889,0.811115,0.000000,
			0.000000,1.000000,0.000000,1.000000;;,
			14;16;
			0.999999,0.000000,0.000000,0.000000,
			0.000000,0.779699,0.626154,0.000000,
			0.000000,-0.626154,0.779699,0.000000,
			0.000000,1.000000,0.000000,1.000000;;,
			15;16;
			1.000001,0.000000,0.000000,0.000000,
			0.000000,0.751633,0.659582,0.000000,
			0.000000,-0.659582,0.751633,0.000000,
			0.000000,1.000000,0.000000,1.000000;;,
			16;16;
			0.999999,0.000000,0.000000,0.000000,
			0.000000,0.728272,0.685287,0.000000,
			0.000000,-0.685287,0.728272,0.000000,
			0.000000,1.000000,0.000000,1.000000;;,
			17;16;
			0.999999,0.000000,0.000000,0.000000,
			0.000000,0.710585,0.703610,0.000000,
			0.000000,-0.703610,0.710585,0.000000,
			0.000000,1.000000,0.000000,1.000000;;,
			18;16;
			1.000001,0.000000,0.000000,0.000000,
			0.000000,0.699168,0.714959,0.000000,
			0.000000,-0.714959,0.699168,0.000000,
			0.000000,1.000000,0.000000,1.000000;;,
			19;16;
			1.000000,0.000000,0.000000,0.000000,
			0.000000,0.694298,0.719688,0.000000,
			0.000000,-0.719688,0.694298,0.000000,
			0.000000,1.000000,0.000000,1.000000;;,
			20;16;
			1.000000,0.000000,0.000000,0.000000,
			0.000000,0.698900,0.715220,0.000000,
			0.000000,-0.715220,0.698900,0.000000,
			0.000000,1.000000,0.000000,1.000000;;,
			21;16;
			0.999999,0.000000,0.000000,0.000000,
			0.000000,0.715909,0.698193,0.000000,
			0.000000,-0.698193,0.715909,0.000000,
			0.000000,1.000000,0.000000,1.000000;;,
			22;16;
			1.000001,0.000000,0.000000,0.000000,
			0.000000,0.744913,0.667163,0.000000,
			0.000000,-0.667163,0.744913,0.000000,
			0.000000,1.000000,0.000000,1.000000;;,
			23;16;
			1.000001,0.000000,0.000000,0.000000,
			0.000000,0.784586,0.620021,0.000000,
			0.000000,-0.620021,0.784586,0.000000,
			0.000000,1.000000,0.000000,1.000000;;,
			24;16;
			1.000000,0.000000,0.000000,0.000000,
			0.000000,0.832314,0.554305,0.000000,
			0.000000,-0.554305,0.832314,0.000000,
			0.000000,1.000000,0.000000,1.000000;;,
			25;16;
			1.000000,0.000000,0.000000,0.000000,
			0.000000,0.883838,0.467793,0.000000,
			0.000000,-0.467793,0.883838,0.000000,
			0.000000,1.000000,0.000000,1.000000;;,
			26;16;
			1.000001,0.000000,0.000000,0.000000,
			0.000000,0.933159,0.359464,0.000000,
			0.000000,-0.359464,0.933159,0.000000,
			0.000000,1.000000,0.000000,1.000000;;,
			27;16;
			1.000000,0.000000,0.000000,0.000000,
			0.000000,0.973031,0.230675,0.000000,
			0.000000,-0.230675,0.973031,0.000000,
			0.000000,1.000000,0.000000,1.000000;;,
			28;16;
			1.000000,0.000000,0.000000,0.000000,
			0.000000,0.996290,0.086058,0.000000,
			0.000000,-0.086058,0.996290,0.000000,
			0.000000,1.000000,0.000000,1.000000;;,
			29;16;
			1.000001,0.000000,0.000000,0.000000,
			0.000000,0.997788,-0.066485,0.000000,
			0.000000,0.066485,0.997788,0.000000,
			0.000000,1.000000,0.000000,1.000000;;,
			30;16;
			1.000001,0.000000,0.000000,0.000000,
			0.000000,0.976135,-0.217169,0.000000,
			0.000000,0.217169,0.976135,0.000000,
			0.000000,1.000000,0.000000,1.000000;;,
			31;16;
			1.000000,0.000000,0.000000,0.000000,
			0.000000,0.934250,-0.356619,0.000000,
			0.000000,0.356619,0.934250,0.000000,
			0.000000,1.000000,0.000000,1.000000;;,
			32;16;
			1.000001,0.000000,0.000000,0.000000,
			0.000000,0.878363,-0.477996,0.000000,
			0.000000,0.477996,0.878363,0.000000,
			0.000000,1.000000,0.000000,1.000000;;,
			33;16;
			1.000000,0.000000,0.000000,0.000000,
			0.000000,0.816060,-0.577966,0.000000,
			0.000000,0.577966,0.816060,0.000000,
			0.000000,1.000000,0.000000,1.000000;;,
			34;16;
			1.000000,0.000000,0.000000,0.000000,
			0.000000,0.754455,-0.656352,0.000000,
			0.000000,0.656352,0.754455,0.000000,
			0.000000,1.000000,0.000000,1.000000;;,
			35;16;
			1.000000,0.000000,0.000000,0.000000,
			0.000000,0.699092,-0.715032,0.000000,
			0.000000,0.715032,0.699092,0.000000,
			0.000000,1.000000,0.000000,1.000000;;,
			36;16;
			0.999999,0.000000,0.000000,0.000000,
			0.000000,0.653697,-0.756755,0.000000,
			0.000000,0.756755,0.653697,0.000000,
			0.000000,1.000000,0.000000,1.000000;;,
			37;16;
			1.000000,0.000000,0.000000,0.000000,
			0.000000,0.620436,-0.784257,0.000000,
			0.000000,0.784257,0.620436,0.000000,
			0.000000,1.000000,0.000000,1.000000;;,
			38;16;
			0.999999,0.000000,0.000000,0.000000,
			0.000000,0.600322,-0.799757,0.000000,
			0.000000,0.799757,0.600322,0.000000,
			0.000000,1.000000,0.000000,1.000000;;,
			39;16;
			1.000000,0.000000,0.000000,0.000000,
			0.000000,0.593640,-0.804731,0.000000,
			0.000000,0.804731,0.593640,0.000000,
			0.000000,1.000000,0.000000,1.000000;;,
			40;16;
			1.000000,0.000000,0.000000,0.000000,
			0.000000,0.597632,-0.801770,0.000000,
			0.000000,0.801770,0.597632,0.000000,
			0.000000,1.000000,0.000000,1.000000;;,
			41;16;
			1.000000,0.000000,0.000000,0.000000,
			0.000000,0.609641,-0.792677,0.000000,
			0.000000,0.792677,0.609641,0.000000,
			0.000000,1.000000,0.000000,1.000000;;,
			42;16;
			1.000001,0.000000,0.000000,0.000000,
			0.000000,0.629499,-0.777003,0.000000,
			0.000000,0.777003,0.629499,0.000000,
			0.000000,1.000000,0.000000,1.000000;;,
			43;16;
			1.000001,0.000000,0.000000,0.000000,
			0.000000,0.656702,-0.754151,0.000000,
			0.000000,0.754151,0.656702,0.000000,
			0.000000,1.000000,0.000000,1.000000;;,
			44;16;
			0.999999,0.000000,0.000000,0.000000,
			0.000000,0.690332,-0.723492,0.000000,
			0.000000,0.723492,0.690332,0.000000,
			0.000000,1.000000,0.000000,1.000000;;,
			45;16;
			1.000000,0.000000,0.000000,0.000000,
			0.000000,0.729000,-0.684513,0.000000,
			0.000000,0.684513,0.729000,0.000000,
			0.000000,1.000000,0.000000,1.000000;;,
			46;16;
			1.000000,0.000000,0.000000,0.000000,
			0.000000,0.770841,-0.637028,0.000000,
			0.000000,0.637028,0.770841,0.000000,
			0.000000,1.000000,0.000000,1.000000;;,
			47;16;
			1.000001,0.000000,0.000000,0.000000,
			0.000000,0.813624,-0.581393,0.000000,
			0.000000,0.581393,0.813624,0.000000,
			0.000000,1.000000,0.000000,1.000000;;,
			48;16;
			1.000000,0.000000,0.000000,0.000000,
			0.000000,0.854966,-0.518684,0.000000,
			0.000000,0.518684,0.854966,0.000000,
			0.000000,1.000000,0.000000,1.000000;;,
			49;16;
			1.000000,0.000000,0.000000,0.000000,
			0.000000,0.892648,-0.450755,0.000000,
			0.000000,0.450755,0.892648,0.000000,
			0.000000,1.000000,0.000000,1.000000;;,
			50;16;
			0.999999,0.000000,0.000000,0.000000,
			0.000000,0.924943,-0.380104,0.000000,
			0.000000,0.380104,0.924943,0.000000,
			0.000000,1.000000,0.000000,1.000000;;,
			51;16;
			1.000001,0.000000,0.000000,0.000000,
			0.000000,0.950865,-0.309609,0.000000,
			0.000000,0.309609,0.950865,0.000000,
			0.000000,1.000000,0.000000,1.000000;;,
			52;16;
			1.000001,0.000000,0.000000,0.000000,
			0.000000,0.970239,-0.242154,0.000000,
			0.000000,0.242154,0.970239,0.000000,
			0.000000,1.000000,0.000000,1.000000;;,
			53;16;
			1.000001,0.000000,0.000000,0.000000,
			0.000000,0.983613,-0.180295,0.000000,
			0.000000,0.180295,0.983613,0.000000,
			0.000000,1.000000,0.000000,1.000000;;,
			54;16;
			0.999999,0.000000,0.000000,0.000000,
			0.000000,0.992025,-0.126038,0.000000,
			0.000000,0.126038,0.992025,0.000000,
			0.000000,1.000000,0.000000,1.000000;;,
			55;16;
			1.000000,0.000000,0.000000,0.000000,
			0.000000,0.996733,-0.080774,0.000000,
			0.000000,0.080774,0.996733,0.000000,
			0.000000,1.000000,0.000000,1.000000;;,
			56;16;
			1.000000,0.000000,0.000000,0.000000,
			0.000000,0.998972,-0.045316,0.000000,
			0.000000,0.045316,0.998972,0.000000,
			0.000000,1.000000,0.000000,1.000000;;,
			57;16;
			1.000000,0.000000,0.000000,0.000000,
			0.000000,0.999800,-0.020031,0.000000,
			0.000000,0.020031,0.999800,0.000000,
			0.000000,1.000000,0.000000,1.000000;;,
			58;16;
			1.000000,0.000000,0.000000,0.000000,
			0.000000,0.999988,-0.004972,0.000000,
			0.000000,0.004972,0.999988,0.000000,
			0.000000,1.000000,0.000000,1.000000;;,
			59;16;
			1.000000,0.000000,0.000000,0.000000,
			0.000000,1.000000,0.000000,0.000000,
			0.000000,0.000000,1.000000,0.000000,
			0.000000,1.000000,0.000000,1.000000;;;
		}
	}
	Animation {
		{Cube}
		AnimationKey {
			4;
			60;
			0;16;
			1.000000,0.000000,0.000000,0.000000,
			0.000000,1.000000,0.000000,0.000000,
			0.000000,0.000000,1.097661,0.000000,
			0.000000,0.000000,1.081393,1.000000;;,
			1;16;
			1.000000,0.000000,0.000000,0.000000,
			0.000000,1.000000,0.000000,0.000000,
			0.000000,0.000000,1.097661,0.000000,
			0.000000,0.000000,1.081393,1.000000;;,
			2;16;
			1.000000,0.000000,0.000000,0.000000,
			0.000000,1.000000,0.000000,0.000000,
			0.000000,0.000000,1.097661,0.000000,
			0.000000,0.000000,1.081393,1.000000;;,
			3;16;
			1.000000,0.000000,0.000000,0.000000,
			0.000000,1.000000,0.000000,0.000000,
			0.000000,0.000000,1.097661,0.000000,
			0.000000,0.000000,1.081393,1.000000;;,
			4;16;
			1.000000,0.000000,0.000000,0.000000,
			0.000000,1.000000,0.000000,0.000000,
			0.000000,0.000000,1.097661,0.000000,
			0.000000,0.000000,1.081393,1.000000;;,
			5;16;
			1.000000,0.000000,0.000000,0.000000,
			0.000000,1.000000,0.000000,0.000000,
			0.000000,0.000000,1.097661,0.000000,
			0.000000,0.000000,1.081393,1.000000;;,
			6;16;
			1.000000,0.000000,0.000000,0.000000,
			0.000000,1.000000,0.000000,0.000000,
			0.000000,0.000000,1.097661,0.000000,
			0.000000,0.000000,1.081393,1.000000;;,
			7;16;
			1.000000,0.000000,0.000000,0.000000,
			0.000000,1.000000,0.000000,0.000000,
			0.000000,0.000000,1.097661,0.000000,
			0.000000,0.000000,1.081393,1.000000;;,
			8;16;
			1.000000,0.000000,0.000000,0.000000,
			0.000000,1.000000,0.000000,0.000000,
			0.000000,0.000000,1.097661,0.000000,
			0.000000,0.000000,1.081393,1.000000;;,
			9;16;
