xof 0303txt 0032
Material Material {
	0.640000;0.640000;0.640000;1.000000;;
	9.607843;
	0.250000;0.250000;0.250000;;
	0.000000;0.000000;0.000000;;
}
Frame Armature {
	FrameTransformMatrix {
		100.000000,0.000000,0.000000,0.000000,
		0.000000,-0.000016,100.000000,0.000000,
		0.000000,-218.987656,-0.000036,0.000000,
		0.000000,-236.811752,0.000000,1.000000;;
	}
	Frame Bone {
		FrameTransformMatrix {
			1.000000,0.000000,0.000000,0.000000,
			0.000000,-0.000000,-1.000000,0.000000,
			0.000000,1.000000,-0.000000,0.000000,
			0.000000,0.000000,0.000000,1.000000;;
		}
		Frame Bone.001 {
			FrameTransformMatrix {
				1.000000,0.000000,0.000000,0.000000,
				0.000000,1.000000,0.000000,0.000000,
				0.000000,0.000000,1.000000,0.000000,
				0.000000,1.000000,0.000000,1.000000;;
			}
			Frame Bone.001_end {
				FrameTransformMatrix {
					1.000000,0.000000,0.000000,0.000000,
					0.000000,1.000000,0.000000,0.000000,
					0.000000,0.000000,1.000000,0.000000,
					0.000000,1.117505,0.000000,1.000000;;
				}
			}
		}
	}
}
Frame Cube {
	FrameTransformMatrix {
		100.000000,0.000000,0.000000,0.000000,
		0.000000,-0.000016,100.000000,0.000000,
		0.000000,-240.374252,-0.000039,0.000000,
		0.000000,0.000048,0.000000,1.000000;;
	}
	Mesh {
		24;
		1.000000;1.000000;1.000000;,
		1.000000;-1.000000;1.000000;,
		-1.000000;-1.000000;1.000000;,
		1.000000;0.999999;-1.000000;,
		-1.000000;1.000000;-1.000000;,
		-1.000000;-1.000000;-1.000000;,
		1.000000;1.000000;1.000000;,
		1.000000;0.999999;-1.000000;,
		0.999999;-1.000001;-1.000000;,
		1.000000;-1.000000;1.000000;,
		0.999999;-1.000001;-1.000000;,
		-1.000000;-1.000000;-1.000000;,
		-1.000000;-1.000000;1.000000;,
		-1.000000;-1.000000;-1.000000;,
		-1.000000;1.000000;-1.000000;,
		1.000000;0.999999;-1.000000;,
		1.000000;1.000000;1.000000;,
		-1.000000;1.000000;1.000000;,
		-1.000000;1.000000;1.000000;,
		0.999999;-1.000001;-1.000000;,
		1.000000;-1.000000;1.000000;,
		-1.000000;-1.000000;1.000000;,
		-1.000000;1.000000;1.000000;,
		-1.000000;1.000000;-1.000000;;
		12;
		3;0,2,1;,
		3;3,5,4;,
		3;6,8,7;,
		3;9,11,10;,
		3;12,14,13;,
		3;15,17,16;,
		3;0,18,2;,
		3;3,19,5;,
		3;6,20,8;,
		3;9,21,11;,
		3;12,22,14;,
		3;15,23,17;;
		MeshNormals {
			24;
			0.000000;0.000000;1.000000;,
			0.000000;0.000000;1.000000;,
			0.000000;0.000000;1.000000;,
			0.000000;0.000000;-1.000000;,
			0.000000;0.000000;-1.000000;,
			0.000000;0.000000;-1.000000;,
			1.000000;-0.000000;-0.000000;,
			1.000000;-0.000000;-0.000000;,
			1.000000;-0.000000;-0.000000;,
			-0.000000;-1.000000;0.000000;,
			-0.000000;-1.000000;0.000000;,
			-0.000000;-1.000000;0.000000;,
			-1.000000;0.000000;0.000000;,
			-1.000000;0.000000;0.000000;,
			-1.000000;0.000000;0.000000;,
			0.000000;1.000000;-0.000000;,
			0.000000;1.000000;-0.000000;,
			0.000000;1.000000;-0.000000;,
			0.000000;0.000000;1.000000;,
			0.000000;0.000000;-1.000000;,
			1.000000;-0.000000;-0.000000;,
			-0.000000;-1.000000;0.000000;,
			-1.000000;0.000000;0.000000;,
			0.000000;1.000000;-0.000000;;
			12;
			3;0,2,1;,
			3;3,5,4;,
			3;6,8,7;,
			3;9,11,10;,
			3;12,14,13;,
			3;15,17,16;,
			3;0,18,2;,
			3;3,19,5;,
			3;6,20,8;,
			3;9,21,11;,
			3;12,22,14;,
			3;15,23,17;;
		}
		MeshTextureCoords {
			24;
			0.000000;0.000000;,
			0.000000;0.000000;,
			0.000000;0.000000;,
			0.000000;0.000000;,
			0.000000;0.000000;,
			0.000000;0.000000;,
			0.000000;0.000000;,
			0.000000;0.000000;,
			0.000000;0.000000;,
			0.000000;0.000000;,
			0.000000;0.000000;,
			0.000000;0.000000;,
			0.000000;0.000000;,
			0.000000;0.000000;,
			0.000000;0.000000;,
			0.000000;0.000000;,
			0.000000;0.000000;,
			0.000000;0.000000;,
			0.000000;0.000000;,
			0.000000;0.000000;,
			0.000000;0.000000;,
			0.000000;0.000000;,
			0.000000;0.000000;,
			0.000000;0.000000;;
		}
		MeshMaterialList {
			1;
			12;
			0,
			0,
			0,
			0,
			0,
			0,
			0,
			0,
			0,
			0,
			0,
			0;
			{Material}
		}
		XSkinMeshHeader {
			4;
			12;
			2;
		}
		SkinWeights {
			"Bone";
			24;
			0,
			1,
			2,
			3,
			4,
			5,
			6,
			7,
			8,
			9,
			10,
			11,
			12,
			13,
			14,
			15,
			16,
			17,
			18,
			19,
			20,
			21,
			22,
			23;
			0.957347,
			0.961164,
			0.957347,
			0.032307,
			0.025897,
			0.032307,
			0.957347,
			0.032307,
			0.025897,
			0.961164,
			0.025897,
			0.032307,
			0.957347,
			0.032307,
			0.025897,
			0.032307,
			0.957347,
			0.961164,
			0.961164,
			0.025897,
			0.961164,
			0.957347,
			0.961164,
			0.025897;
			1.000000,0.000000,0.000000,0.000000,
			0.000000,0.000000,1.000000,0.000000,
			0.000000,-1.097661,0.000000,0.000000,
			0.000000,1.081393,-0.000000,1.000000;;
		}
		SkinWeights {
			"Bone.001";
			24;
			0,
			1,
			2,
			3,
			4,
			5,
			6,
			7,
			8,
			9,
			10,
			11,
			12,
			13,
			14,
			15,
			16,
			17,
			18,
			19,
			20,
			21,
			22,
			23;
			0.035305,
			0.027672,
			0.035305,
			0.958846,
			0.962052,
			0.958846,
			0.035305,
			0.958846,
			0.962052,
			0.027672,
			0.962052,
			0.958846,
			0.035305,
			0.958846,
			0.962052,
			0.958846,
			0.035305,
			0.027672,
			0.027672,
			0.962052,
			0.027672,
			0.035305,
			0.027672,
			0.962052;
			1.000000,0.000000,0.000000,0.000000,
			0.000000,0.000000,1.000000,0.000000,
			0.000000,-1.097661,0.000000,0.000000,
			0.000000,0.081393,0.000000,1.000000;;
		}
	}
}
AnimationSet Armature|Action {
	Animation {
		{Armature}
		AnimationKey {
			4;
			60;
			0;16;
			100.000000,0.000000,0.000000,0.000000,
			0.000000,-0.000009,100.000000,0.000000,
			0.000000,-218.987656,-0.000019,0.000000,
			0.000000,-236.811752,0.000000,1.000000;;,
			1;16;
			100.000000,0.000000,0.000000,0.000000,
			0.000000,-0.000009,100.000000,0.000000,
			0.000000,-218.987656,-0.000019,0.000000,
			0.000000,-236.811752,0.000000,1.000000;;,
			2;16;
			100.000000,0.000000,0.000000,0.000000,
			0.000000,-0.000009,100.000000,0.000000,
			0.000000,-218.987656,-0.000019,0.000000,
			0.000000,-236.811752,0.000000,1.000000;;,
			3;16;
			100.000000,0.000000,0.000000,0.000000,
			0.000000,-0.000009,100.000000,0.000000,
			0.000000,-218.987656,-0.000019,0.000000,
			0.000000,-236.811752,0.000000,1.000000;;,
			5;16;
			100.000000,0.000000,0.000000,0.000000,
			0.000000,-0.000009,100.000000,0.000000,
			0.000000,-218.987656,-0.000019,0.000000,
			0.000000,-236.811752,0.000000,1.000000;;,
			6;16;
			100.000000,0.000000,0.000000,0.000000,
			0.000000,-0.000009,100.000000,0.000000,
			0.000000,-218.987656,-0.000019,0.000000,
			0.000000,-236.811752,0.000000,1.000000;;,
			7;16;
			100.000000,0.000000,0.000000,0.000000,
			0.000000,-0.000009,100.000000,0.000000,
			0.000000,-218.987656,-0.000019,0.000000,
			0.000000,-236.811752,0.000000,1.000000;;,
			8;16;
			100.000000,0.000000,0.000000,0.000000,
			0.000000,-0.000009,100.000000,0.000000,
			0.000000,-218.987656,-0.000019,0.000000,
			0.000000,-236.811752,0.000000,1.000000;;,
			10;16;
			100.000000,0.000000,0.000000,0.000000,
			0.000000,-0.000009,100.000000,0.000000,
			0.000000,-218.987656,-0.000019,0.000000,
			0.000000,-236.811752,0.000000,1.000000;;,
			11;16;
			100.000000,0.000000,0.000000,0.000000,
			0.000000,-0.000009,100.000000,0.000000,
			0.000000,-218.987656,-0.000019,0.000000,
			0.000000,-236.811752,0.000000,1.000000;;,
			12;16;
			100.000000,0.000000,0.000000,0.000000,
			0.000000,-0.000009,100.000000,0.000000,
			0.000000,-218.987656,-0.000019,0.000000,
			0.000000,-236.811752,0.000000,1.000000;;,
			13;16;
			100.000000,0.000000,0.000000,0.000000,
			0.000000,-0.000009,100.000000,0.000000,
			0.000000,-218.987656,-0.000019,0.000000,
			0.000000,-236.811752,0.000000,1.000000;;,
			15;16;
			100.000000,0.000000,0.000000,0.000000,
			0.000000,-0.000009,100.000000,0.000000,
			0.000000,-218.987656,-0.000019,0.000000,
			0.000000,-236.811752,0.000000,1.000000;;,
			16;16;
			100.000000,0.000000,0.000000,0.000000,
			0.000000,-0.000009,100.000000,0.000000,
			0.000000,-218.987656,-0.000019,0.000000,
			0.000000,-236.811752,0.000000,1.000000;;,
			17;16;
			100.000000,0.000000,0.000000,0.000000,
			0.000000,-0.000009,100.000000,0.000000,
			0.000000,-218.987656,-0.000019,0.000000,
			0.000000,-236.811752,0.000000,1.000000;;,
			18;16;
			100.000000,0.000000,0.000000,0.000000,
			0.000000,-0.000009,100.000000,0.000000,
			0.000000,-218.987656,-0.000019,0.000000,
			0.000000,-236.811752,0.000000,1.000000;;,
			20;16;
			100.000000,0.000000,0.000000,0.000000,
			0.000000,-0.000009,100.000000,0.000000,
			0.000000,-218.987656,-0.000019,0.000000,
			0.000000,-236.811752,0.000000,1.000000;;,
			21;16;
			100.000000,0.000000,0.000000,0.000000,
			0.000000,-0.000009,100.000000,0.000000,
			0.000000,-218.987656,-0.000019,0.000000,
			0.000000,-236.811752,0.000000,1.000000;;,
			22;16;
			100.000000,0.000000,0.000000,0.000000,
			0.000000,-0.000009,100.000000,0.000000,
			0.000000,-218.987656,-0.000019,0.000000,
			0.000000,-236.811752,0.000000,1.000000;;,
			23;16;
			100.000000,0.000000,0.000000,0.000000,
			0.000000,-0.000009,100.000000,0.000000,
			0.000000,-218.987656,-0.000019,0.000000,
			0.000000,-236.811752,0.000000,1.000000;;,
			25;16;
			100.000000,0.000000,0.000000,0.000000,
			0.000000,-0.000009,100.000000,0.000000,
			0.000000,-218.987656,-0.000019,0.000000,
			0.000000,-236.811752,0.000000,1.000000;;,
			26;16;
			100.000000,0.000000,0.000000,0.000000,
			0.000000,-0.000009,100.000000,0.000000,
			0.000000,-218.987656,-0.000019,0.000000,
			0.000000,-236.811752,0.000000,1.000000;;,
			27;16;
			100.000000,0.000000,0.000000,0.000000,
			0.000000,-0.000009,100.000000,0.000000,
			0.000000,-218.987656,-0.000019,0.000000,
			0.000000,-236.811752,0.000000,1.000000;;,
			28;16;
			100.000000,0.000000,0.000000,0.000000,
			0.000000,-0.000009,100.000000,0.000000,
			0.000000,-218.987656,-0.000019,0.000000,
			0.000000,-236.811752,0.000000,1.000000;;,
			30;16;
			100.000000,0.000000,0.000000,0.000000,
			0.000000,-0.000009,100.000000,0.000000,
			0.000000,-218.987656,-0.000019,0.000000,
			0.000000,-236.811752,0.000000,1.000000;;,
			31;16;
			100.000000,0.000000,0.000000,0.000000,
			0.000000,-0.000009,100.000000,0.000000,
			0.000000,-218.987656,-0.000019,0.000000,
			0.000000,-236.811752,0.000000,1.000000;;,
			32;16;
			100.000000,0.000000,0.000000,0.000000,
			0.000000,-0.000009,100.000000,0.000000,
			0.000000,-218.987656,-0.000019,0.000000,
			0.000000,-236.811752,0.000000,1.000000;;,
			33;16;
			100.000000,0.000000,0.000000,0.000000,
			0.000000,-0.000009,100.000000,0.000000,
			0.000000,-218.987656,-0.000019,0.000000,
			0.000000,-236.811752,0.000000,1.000000;;,
			35;16;
			100.000000,0.000000,0.000000,0.000000,
			0.000000,-0.000009,100.000000,0.000000,
			0.000000,-218.987656,-0.000019,0.000000,
			0.000000,-236.811752,0.000000,1.000000;;,
			36;16;
			100.000000,0.000000,0.000000,0.000000,
			0.000000,-0.000009,100.000000,0.000000,
			0.000000,-218.987656,-0.000019,0.000000,
			0.000000,-236.811752,0.000000,1.000000;;,
			37;16;
			100.000000,0.000000,0.000000,0.000000,
			0.000000,-0.000009,100.000000,0.000000,
			0.000000,-218.987656,-0.000019,0.000000,
			0.000000,-236.811752,0.000000,1.000000;;,
			38;16;
			100.000000,0.000000,0.000000,0.000000,
			0.000000,-0.000009,100.000000,0.000000,
			0.000000,-218.987656,-0.000019,0.000000,
			0.000000,-236.811752,0.000000,1.000000;;,
			40;16;
			100.000000,0.000000,0.000000,0.000000,
			0.000000,-0.000009,100.000000,0.000000,
			0.000000,-218.987656,-0.000019,0.000000,
			0.000000,-236.811752,0.000000,1.000000;;,
			41;16;
			100.000000,0.000000,0.000000,0.000000,
			0.000000,-0.000009,100.000000,0.000000,
			0.000000,-218.987656,-0.000019,0.000000,
			0.000000,-236.811752,0.000000,1.000000;;,
			42;16;
			100.000000,0.000000,0.000000,0.000000,
			0.000000,-0.000009,100.000000,0.000000,
			0.000000,-218.987656,-0.000019,0.000000,
			0.000000,-236.811752,0.000000,1.000000;;,
			43;16;
			100.000000,0.000000,0.000000,0.000000,
			0.000000,-0.000009,100.000000,0.000000,
			0.000000,-218.987656,-0.000019,0.000000,
			0.000000,-236.811752,0.000000,1.000000;;,
			45;16;
			100.000000,0.000000,0.000000,0.000000,
			0.000000,-0.000009,100.000000,0.000000,
			0.000000,-218.987656,-0.000019,0.000000,
			0.000000,-236.811752,0.000000,1.000000;;,
			46;16;
			100.000000,0.000000,0.000000,0.000000,
			0.000000,-0.000009,100.000000,0.000000,
			0.000000,-218.987656,-0.000019,0.000000,
			0.000000,-236.811752,0.000000,1.000000;;,
			47;16;
			100.000000,0.000000,0.000000,0.000000,
			0.000000,-0.000009,100.000000,0.000000,
			0.000000,-218.987656,-0.000019,0.000000,
			0.000000,-236.811752,0.000000,1.000000;;,
			48;16;
			100.000000,0.000000,0.000000,0.000000,
			0.000000,-0.000009,100.000000,0.000000,
			0.000000,-218.987656,-0.000019,0.000000,
			0.000000,-236.811752,0.000000,1.000000;;,
			50;16;
			100.000000,0.000000,0.000000,0.000000,
			0.000000,-0.000009,100.000000,0.000000,
			0.000000,-218.987656,-0.000019,0.000000,
			0.000000,-236.811752,0.000000,1.000000;;,
			51;16;
			100.000000,0.000000,0.000000,0.000000,
			0.000000,-0.000009,100.000000,0.000000,
			0.000000,-218.987656,-0.000019,0.000000,
			0.000000,-236.811752,0.000000,1.000000;;,
			52;16;
			100.000000,0.000000,0.000000,0.000000,
			0.000000,-0.000009,100.000000,0.000000,
			0.000000,-218.987656,-0.000019,0.000000,
			0.000000,-236.811752,0.000000,1.000000;;,
			53;16;
			100.000000,0.000000,0.000000,0.000000,
			0.000000,-0.000009,100.000000,0.000000,
			0.000000,-218.987656,-0.000019,0.000000,
			0.000000,-236.811752,0.000000,1.000000;;,
			55;16;
			100.000000,0.000000,0.000000,0.000000,
			0.000000,-0.000009,100.000000,0.000000,
			0.000000,-218.987656,-0.000019,0.000000,
			0.000000,-236.811752,0.000000,1.000000;;,
			56;16;
			100.000000,0.000000,0.000000,0.000000,
			0.000000,-0.000009,100.000000,0.000000,
			0.000000,-218.987656,-0.000019,0.000000,
			0.000000,-236.811752,0.000000,1.000000;;,
			57;16;
			100.000000,0.000000,0.000000,0.000000,
			0.000000,-0.000009,100.000000,0.000000,
			0.000000,-218.987656,-0.000019,0.000000,
			0.000000,-236.811752,0.000000,1.000000;;,
			58;16;
			100.000000,0.000000,0.000000,0.000000,
			0.000000,-0.000009,100.000000,0.000000,
			0.000000,-218.987656,-0.000019,0.000000,
			0.000000,-236.811752,0.000000,1.000000;;,
			60;16;
			100.000000,0.000000,0.000000,0.000000,
			0.000000,-0.000009,100.000000,0.000000,
			0.000000,-218.987656,-0.000019,0.000000,
			0.000000,-236.811752,0.000000,1.000000;;,
			61;16;
			100.000000,0.000000,0.000000,0.000000,
			0.000000,-0.000009,100.000000,0.000000,
			0.000000,-218.987656,-0.000019,0.000000,
			0.000000,-236.811752,0.000000,1.000000;;,
			62;16;
			100.000000,0.000000,0.000000,0.000000,
			0.000000,-0.000009,100.000000,0.000000,
			0.000000,-218.987656,-0.000019,0.000000,
			0.000000,-236.811752,0.000000,1.000000;;,
			63;16;
			100.000000,0.000000,0.000000,0.000000,
			0.000000,-0.000009,100.000000,0.000000,
			0.000000,-218.987656,-0.000019,0.000000,
			0.000000,-236.811752,0.000000,1.000000;;,
			65;16;
			100.000000,0.000000,0.000000,0.000000,
			0.000000,-0.000009,100.000000,0.000000,
			0.000000,-218.987656,-0.000019,0.000000,
			0.000000,-236.811752,0.000000,1.000000;;,
			66;16;
			100.000000,0.000000,0.000000,0.000000,
			0.000000,-0.000009,100.000000,0.000000,
			0.000000,-218.987656,-0.000019,0.000000,
			0.000000,-236.811752,0.000000,1.000000;;,
			67;16;
			100.000000,0.000000,0.000000,0.000000,
			0.000000,-0.000009,100.000000,0.000000,
			0.000000,-218.987656,-0.000019,0.000000,
			0.000000,-236.811752,0.000000,1.000000;;,
			68;16;
			100.000000,0.000000,0.000000,0.000000,
			0.000000,-0.000009,100.000000,0.000000,
			0.000000,-218.987656,-0.000019,0.000000,
			0.000000,-236.811752,0.000000,1.000000;;,
			70;16;
			100.000000,0.000000,0.000000,0.000000,
			0.000000,-0.000009,100.000000,0.000000,
			0.000000,-218.987656,-0.000019,0.000000,
			0.000000,-236.811752,0.000000,1.000000;;,
			71;16;
			100.000000,0.000000,0.000000,0.000000,
			0.000000,-0.000009,100.000000,0.000000,
			0.000000,-218.987656,-0.000019,0.000000,
			0.000000,-236.811752,0.000000,1.000000;;,
			72;16;
			100.000000,0.000000,0.000000,0.000000,
			0.000000,-0.000009,100.000000,0.000000,
			0.000000,-218.987656,-0.000019,0.000000,
			0.000000,-236.811752,0.000000,1.000000;;,
			73;16;
			100.000000,0.000000,0.000000,0.000000,
			0.000000,-0.000009,100.000000,0.000000,
			0.000000,-218.987656,-0.000019,0.000000,
			0.000000,-236.811752,0.000000,1.000000;;;
		}
	}
	Animation {
		{Bone}
		AnimationKey {
			4;
			60;
			0;16;
			1.000000,0.000000,0.000000,0.000000,
			0.000000,0.000000,-1.000000,0.000000,
			0.000000,1.000000,0.000000,0.000000,
			0.000000,0.000000,0.000000,1.000000;;,
			1;16;
			1.000000,0.000000,0.000000,0.000000,
			0.000000,0.000000,-1.000000,0.000000,
			0.000000,1.000000,0.000000,0.000000,
			0.000000,0.000000,0.000000,1.000000;;,
			2;16;
			1.000000,0.000000,0.000000,0.000000,
			0.000000,0.000000,-1.000000,0.000000,
			0.000000,1.000000,0.000000,0.000000,
			0.000000,0.000000,0.000000,1.000000;;,
			3;16;
			1.000000,0.000000,0.000000,0.000000,
			0.000000,0.000000,-1.000000,0.000000,
			0.000000,1.000000,0.000000,0.000000,
			0.000000,0.000000,0.000000,1.000000;;,
			5;16;
			1.000000,0.000000,0.000000,0.000000,
			0.000000,0.000000,-1.000000,0.000000,
			0.000000,1.000000,0.000000,0.000000,
			0.000000,0.000000,0.000000,1.000000;;,
			6;16;
			1.000000,0.000000,0.000000,0.000000,
			0.000000,0.000000,-1.000000,0.000000,
			0.000000,1.000000,0.000000,0.000000,
			0.000000,0.000000,0.000000,1.000000;;,
			7;16;
			1.000000,0.000000,0.000000,0.000000,
			0.000000,0.000000,-1.000000,0.000000,
			0.000000,1.000000,0.000000,0.000000,
			0.000000,0.000000,0.000000,1.000000;;,
			8;16;
			1.000000,0.000000,0.000000,0.000000,
			0.000000,0.000000,-1.000000,0.000000,
			0.000000,1.000000,0.000000,0.000000,
			0.000000,0.000000,0.000000,1.000000;;,
			10;16;
			1.000000,0.000000,0.000000,0.000000,
			0.000000,0.000000,-1.000000,0.000000,
			0.000000,1.000000,0.000000,0.000000,
			0.000000,0.000000,0.000000,1.000000;;,
			11;16;
			1.000000,0.000000,0.000000,0.000000,
			0.000000,0.000000,-1.000000,0.000000,
			0.000000,1.000000,0.000000,0.000000,
			0.000000,0.000000,0.000000,1.000000;;,
			12;16;
			1.000000,0.000000,0.000000,0.000000,
			0.000000,0.000000,-1.000000,0.000000,
			0.000000,1.000000,0.000000,0.000000,
			0.000000,0.000000,0.000000,1.000000;;,
			13;16;
			1.000000,0.000000,0.000000,0.000000,
			0.000000,0.000000,-1.000000,0.000000,
			0.000000,1.000000,0.000000,0.000000,
			0.000000,0.000000,0.000000,1.000000;;,
			15;16;
			1.000000,0.000000,0.000000,0.000000,
			0.000000,0.000000,-1.000000,0.000000,
			0.000000,1.000000,0.000000,0.000000,
			0.000000,0.000000,0.000000,1.000000;;,
			16;16;
			1.000000,0.000000,0.000000,0.000000,
			0.000000,0.000000,-1.000000,0.000000,
			0.000000,1.000000,0.000000,0.000000,
			0.000000,0.000000,0.000000,1.000000;;,
			17;16;
			1.000000,0.000000,0.000000,0.000000,
			0.000000,0.000000,-1.000000,0.000000,
			0.000000,1.000000,0.000000,0.000000,
			0.000000,0.000000,0.000000,1.000000;;,
			18;16;
			1.000000,0.000000,0.000000,0.000000,
			0.000000,0.000000,-1.000000,0.000000,
			0.000000,1.000000,0.000000,0.000000,
			0.000000,0.000000,0.000000,1.000000;;,
			20;16;
			1.000000,0.000000,0.000000,0.000000,
			0.000000,0.000000,-1.000000,0.000000,
			0.000000,1.000000,0.000000,0.000000,
			0.000000,0.000000,0.000000,1.000000;;,
			21;16;
			1.000000,0.000000,0.000000,0.000000,
			0.000000,0.000000,-1.000000,0.000000,
			0.000000,1.000000,0.000000,0.000000,
			0.000000,0.000000,0.000000,1.000000;;,
			22;16;
			1.000000,0.000000,0.000000,0.000000,
			0.000000,0.000000,-1.000000,0.000000,
			0.000000,1.000000,0.000000,0.000000,
			0.000000,0.000000,0.000000,1.000000;;,
			23;16;
			1.000000,0.000000,0.000000,0.000000,
			0.000000,0.000000,-1.000000,0.000000,
			0.000000,1.000000,0.000000,0.000000,
			0.000000,0.000000,0.000000,1.000000;;,
			25;16;
			1.000000,0.000000,0.000000,0.000000,
			0.000000,0.000000,-1.000000,0.000000,
			0.000000,1.000000,0.000000,0.000000,
			0.000000,0.000000,0.000000,1.000000;;,
			26;16;
			1.000000,0.000000,0.000000,0.000000,
			0.000000,0.000000,-1.000000,0.000000,
			0.000000,1.000000,0.000000,0.000000,
			0.000000,0.000000,0.000000,1.000000;;,
			27;16;
			1.000000,0.000000,0.000000,0.000000,
			0.000000,0.000000,-1.000000,0.000000,
			0.000000,1.000000,0.000000,0.000000,
			0.000000,0.000000,0.000000,1.000000;;,
			28;16;
			1.000000,0.000000,0.000000,0.000000,
			0.000000,0.000000,-1.000000,0.000000,
			0.000000,1.000000,0.000000,0.000000,
			0.000000,0.000000,0.000000,1.000000;;,
			30;16;
			1.000000,0.000000,0.000000,0.000000,
			0.000000,0.000000,-1.000000,0.000000,
			0.000000,1.000000,0.000000,0.000000,
			0.000000,0.000000,0.000000,1.000000;;,
			31;16;
			1.000000,0.000000,0.000000,0.000000,
			0.000000,0.000000,-1.000000,0.000000,
			0.000000,1.000000,0.000000,0.000000,
			0.000000,0.000000,0.000000,1.000000;;,
			32;16;
			1.000000,0.000000,0.000000,0.000000,
			0.000000,0.000000,-1.000000,0.000000,
			0.000000,1.000000,0.000000,0.000000,
			0.000000,0.000000,0.000000,1.000000;;,
			33;16;
			1.000000,0.000000,0.000000,0.000000,
			0.000000,0.000000,-1.000000,0.000000,
			0.000000,1.000000,0.000000,0.000000,
			0.000000,0.000000,0.000000,1.000000;;,
			35;16;
			1.000000,0.000000,0.000000,0.000000,
			0.000000,0.000000,-1.000000,0.000000,
			0.000000,1.000000,0.000000,0.000000,
			0.000000,0.000000,0.000000,1.000000;;,
			36;16;
			1.000000,0.000000,0.000000,0.000000,
			0.000000,0.000000,-1.000000,0.000000,
			0.000000,1.000000,0.000000,0.000000,
			0.000000,0.000000,0.000000,1.000000;;,
			37;16;
			1.000000,0.000000,0.000000,0.000000,
			0.000000,0.000000,-1.000000,0.000000,
			0.000000,1.000000,0.000000,0.000000,
			0.000000,0.000000,0.000000,1.000000;;,
			38;16;
			1.000000,0.000000,0.000000,0.000000,
			0.000000,0.000000,-1.000000,0.000000,
			0.000000,1.000000,0.000000,0.000000,
			0.000000,0.000000,0.000000,1.000000;;,
			40;16;
			1.000000,0.000000,0.000000,0.000000,
			0.000000,0.000000,-1.000000,0.000000,
			0.000000,1.000000,0.000000,0.000000,
			0.000000,0.000000,0.000000,1.000000;;,
			41;16;
			1.000000,0.000000,0.000000,0.000000,
			0.000000,0.000000,-1.000000,0.000000,
			0.000000,1.000000,0.000000,0.000000,
			0.000000,0.000000,0.000000,1.000000;;,
			42;16;
			1.000000,0.000000,0.000000,0.000000,
			0.000000,0.000000,-1.000000,0.000000,
			0.000000,1.000000,0.000000,0.000000,
			0.000000,0.000000,0.000000,1.000000;;,
			43;16;
			1.000000,0.000000,0.000000,0.000000,
			0.000000,0.000000,-1.000000,0.000000,
			0.000000,1.000000,0.000000,0.000000,
			0.000000,0.000000,0.000000,1.000000;;,
			45;16;
			1.000000,0.000000,0.000000,0.000000,
			0.000000,0.000000,-1.000000,0.000000,
			0.000000,1.000000,0.000000,0.000000,
			0.000000,0.000000,0.000000,1.000000;;,
			46;16;
			1.000000,0.000000,0.000000,0.000000,
			0.000000,0.000000,-1.000000,0.000000,
			0.000000,1.000000,0.000000,0.000000,
			0.000000,0.000000,0.000000,1.000000;;,
			47;16;
			1.000000,0.000000,0.000000,0.000000,
			0.000000,0.000000,-1.000000,0.000000,
			0.000000,1.000000,0.000000,0.000000,
			0.000000,0.000000,0.000000,1.000000;;,
			48;16;
			1.000000,0.000000,0.000000,0.000000,
			0.000000,0.000000,-1.000000,0.000000,
			0.000000,1.000000,0.000000,0.000000,
			0.000000,0.000000,0.000000,1.000000;;,
			50;16;
			1.000000,0.000000,0.000000,0.000000,
			0.000000,0.000000,-1.000000,0.000000,
			0.000000,1.000000,0.000000,0.000000,
			0.000000,0.000000,0.000000,1.000000;;,
			51;16;
			1.000000,0.000000,0.000000,0.000000,
			0.000000,0.000000,-1.000000,0.000000,
			0.000000,1.000000,0.000000,0.000000,
			0.000000,0.000000,0.000000,1.000000;;,
			52;16;
			1.000000,0.000000,0.000000,0.000000,
			0.000000,0.000000,-1.000000,0.000000,
			0.000000,1.000000,0.000000,0.000000,
			0.000000,0.000000,0.000000,1.000000;;,
			53;16;
			1.000000,0.000000,0.000000,0.000000,
			0.000000,0.000000,-1.000000,0.000000,
			0.000000,1.000000,0.000000,0.000000,
			0.000000,0.000000,0.000000,1.000000;;,
			55;16;
			1.000000,0.000000,0.000000,0.000000,
			0.000000,0.000000,-1.000000,0.000000,
			0.000000,1.000000,0.000000,0.000000,
			0.000000,0.000000,0.000000,1.000000;;,
			56;16;
			1.000000,0.000000,0.000000,0.000000,
			0.000000,0.000000,-1.000000,0.000000,
			0.000000,1.000000,0.000000,0.000000,
			0.000000,0.000000,0.000000,1.000000;;,
			57;16;
			1.000000,0.000000,0.000000,0.000000,
			0.000000,0.000000,-1.000000,0.000000,
			0.000000,1.000000,0.000000,0.000000,
			0.000000,0.000000,0.000000,1.000000;;,
			58;16;
			1.000000,0.000000,0.000000,0.000000,
			0.000000,0.000000,-1.000000,0.000000,
			0.000000,1.000000,0.000000,0.000000,
			0.000000,0.000000,0.000000,1.000000;;,
			60;16;
			1.000000,0.000000,0.000000,0.000000,
			0.000000,0.000000,-1.000000,0.000000,
			0.000000,1.000000,0.000000,0.000000,
			0.000000,0.000000,0.000000,1.000000;;,
			61;16;
			1.000000,0.000000,0.000000,0.000000,
			0.000000,0.000000,-1.000000,0.000000,
			0.000000,1.000000,0.000000,0.000000,
			0.000000,0.000000,0.000000,1.000000;;,
			62;16;
			1.000000,0.000000,0.000000,0.000000,
			0.000000,0.000000,-1.000000,0.000000,
			0.000000,1.000000,0.000000,0.000000,
			0.000000,0.000000,0.000000,1.000000;;,
			63;16;
			1.000000,0.000000,0.000000,0.000000,
			0.000000,0.000000,-1.000000,0.000000,
			0.000000,1.000000,0.000000,0.000000,
			0.000000,0.000000,0.000000,1.000000;;,
			65;16;
			1.000000,0.000000,0.000000,0.000000,
			0.000000,0.000000,-1.000000,0.000000,
			0.000000,1.000000,0.000000,0.000000,
			0.000000,0.000000,0.000000,1.000000;;,
			66;16;
			1.000000,0.000000,0.000000,0.000000,
			0.000000,0.000000,-1.000000,0.000000,
			0.000000,1.000000,0.000000,0.000000,
			0.000000,0.000000,0.000000,1.000000;;,
			67;16;
			1.000000,0.000000,0.000000,0.000000,
			0.000000,0.000000,-1.000000,0.000000,
			0.000000,1.000000,0.000000,0.000000,
			0.000000,0.000000,0.000000,1.000000;;,
			68;16;
			1.000000,0.000000,0.000000,0.000000,
			0.000000,0.000000,-1.000000,0.000000,
			0.000000,1.000000,0.000000,0.000000,
			0.000000,0.000000,0.000000,1.000000;;,
			70;16;
			1.000000,0.000000,0.000000,0.000000,
			0.000000,0.000000,-1.000000,0.000000,
			0.000000,1.000000,0.000000,0.000000,
			0.000000,0.000000,0.000000,1.000000;;,
			71;16;
			1.000000,0.000000,0.000000,0.000000,
			0.000000,0.000000,-1.000000,0.000000,
			0.000000,1.000000,0.000000,0.000000,
			0.000000,0.000000,0.000000,1.000000;;,
			72;16;
			1.000000,0.000000,0.000000,0.000000,
			0.000000,0.000000,-1.000000,0.000000,
			0.000000,1.000000,0.000000,0.000000,
			0.000000,0.000000,0.000000,1.000000;;,
			73;16;
			1.000000,0.000000,0.000000,0.000000,
			0.000000,0.000000,-1.000000,0.000000,
			0.000000,1.000000,0.000000,0.000000,
			0.000000,0.000000,0.000000,1.000000;;;
		}
	}
	Animation {
		{Bone.001}
		AnimationKey {
			4;
			60;
			0;16;
			1.000000,0.000000,0.000000,0.000000,
			0.000000,1.000000,0.000000,0.000000,
			0.000000,0.000000,1.000000,0.000000,
			0.000000,1.000000,0.000000,1.000000;;,
			1;16;
			1.000000,0.000000,0.000000,0.000000,
			0.000000,0.999993,-0.003835,0.000000,
			0.000000,0.003835,0.999993,0.000000,
			0.000000,1.000000,0.000000,1.000000;;,
			2;16;
			1.000000,0.000000,0.000000,0.000000,
			0.000000,0.999910,-0.013422,0.000000,
			0.000000,0.013422,0.999910,0.000000,
			0.000000,1.000000,0.000000,1.000000;;,
			3;16;
			1.000000,0.000000,0.000000,0.000000,
			0.000000,0.999581,-0.028950,0.000000,
			0.000000,0.028950,0.999581,0.000000,
			0.000000,1.000000,0.000000,1.000000;;,
			5;16;
			1.000000,0.000000,0.000000,0.000000,
			0.000000,0.997008,-0.077293,0.000000,
			0.000000,0.077293,0.997008,0.000000,
			0.000000,1.000000,0.000000,1.000000;;,
			6;16;
			1.000000,0.000000,0.000000,0.000000,
			0.000000,0.993747,-0.111651,0.000000,
			0.000000,0.111651,0.993747,0.000000,
			0.000000,1.000000,0.000000,1.000000;;,
			7;16;
			1.000000,0.000000,0.000000,0.000000,
			0.000000,0.988534,-0.150997,0.000000,
			0.000000,0.150997,0.988534,0.000000,
			0.000000,1.000000,0.000000,1.000000;;,
			8;16;
			1.000000,0.000000,0.000000,0.000000,
			0.000000,0.980897,-0.194526,0.000000,
			0.000000,0.194526,0.980897,0.000000,
			0.000000,1.000000,0.000000,1.000000;;,
			10;16;
			1.000000,0.000000,0.000000,0.000000,
			0.000000,0.956578,-0.291477,0.000000,
			0.000000,0.291477,0.956578,0.000000,
			0.000000,1.000000,0.000000,1.000000;;,
			11;16;
			1.000000,0.000000,0.000000,0.000000,
			0.000000,0.939295,-0.343111,0.000000,
			0.000000,0.343111,0.939295,0.000000,
			0.000000,1.000000,0.000000,1.000000;;,
			12;16;
			1.000000,0.000000,0.000000,0.000000,
			0.000000,0.918925,-0.394432,0.000000,
			0.000000,0.394432,0.918925,0.000000,
			0.000000,1.000000,0.000000,1.000000;;,
			13;16;
			1.000000,0.000000,0.000000,0.000000,
			0.000000,0.895881,-0.444294,0.000000,
			0.000000,0.444294,0.895881,0.000000,
			0.000000,1.000000,0.000000,1.000000;;,
			15;16;
			1.000000,0.000000,0.000000,0.000000,
			0.000000,0.844186,-0.536050,0.000000,
			0.000000,0.536050,0.844186,0.000000,
			0.000000,1.000000,0.000000,1.000000;;,
			16;16;
			1.000000,0.000000,0.000000,0.000000,
			0.000000,0.817971,-0.575259,0.000000,
			0.000000,0.575259,0.817971,0.000000,
			0.000000,1.000000,0.000000,1.000000;;,
			17;16;
			1.000000,0.000000,0.000000,0.000000,
			0.000000,0.792516,-0.609851,0.000000,
			0.000000,0.609851,0.792516,0.000000,
			0.000000,1.000000,0.000000,1.000000;;,
			18;16;
			1.000000,0.000000,0.000000,0.000000,
			0.000000,0.768674,-0.639640,0.000000,
			0.000000,0.639640,0.768674,0.000000,
			0.000000,1.000000,0.000000,1.000000;;,
			20;16;
			1.000000,0.000000,0.000000,0.000000,
			0.000000,0.728267,-0.685293,0.000000,
			0.000000,0.685293,0.728267,0.000000,
			0.000000,1.000000,0.000000,1.000000;;,
			21;16;
			1.000000,0.000000,0.000000,0.000000,
			0.000000,0.714189,-0.699953,0.000000,
			0.000000,0.699953,0.714189,0.000000,
			0.000000,1.000000,0.000000,1.000000;;,
			22;16;
			1.000000,0.000000,0.000000,0.000000,
			0.000000,0.703777,-0.710421,0.000000,
			0.000000,0.710421,0.703777,0.000000,
			0.000000,1.000000,0.000000,1.000000;;,
			23;16;
			1.000000,0.000000,0.000000,0.000000,
			0.000000,0.697209,-0.716868,0.000000,
			0.000000,0.716868,0.697209,0.000000,
			0.000000,1.000000,0.000000,1.000000;;,
			25;16;
			1.000000,0.000000,0.000000,0.000000,
			0.000000,0.698925,-0.715195,0.000000,
			0.000000,0.715195,0.698925,0.000000,
			0.000000,1.000000,0.000000,1.000000;;,
			26;16;
			1.000000,0.000000,0.000000,0.000000,
			0.000000,0.712509,-0.701662,0.000000,
			0.000000,0.701662,0.712509,0.000000,
			0.000000,1.000000,0.000000,1.000000;;,
			27;16;
			1.000000,0.000000,0.000000,0.000000,
			0.000000,0.733437,-0.679758,0.000000,
			0.000000,0.679758,0.733437,0.000000,
			0.000000,1.000000,0.000000,1.000000;;,
			28;16;
			1.000000,0.000000,0.000000,0.000000,
			0.000000,0.761140,-0.648587,0.000000,
			0.000000,0.648587,0.761140,0.000000,
			0.000000,1.000000,0.000000,1.000000;;,
			30;16;
			1.000000,0.000000,0.000000,0.000000,
			0.000000,0.832321,-0.554294,0.000000,
			0.000000,0.554294,0.832321,0.000000,
			0.000000,1.000000,0.000000,1.000000;;,
			31;16;
			1.000000,0.000000,0.000000,0.000000,
			0.000000,0.874215,-0.485540,0.000000,
			0.000000,0.485540,0.874215,0.000000,
			0.000000,1.000000,0.000000,1.000000;;,
			32;16;
			1.000000,0.000000,0.000000,0.000000,
			0.000000,0.914985,-0.403487,0.000000,
			0.000000,0.403487,0.914985,0.000000,
			0.000000,1.000000,0.000000,1.000000;;,
			33;16;
			1.000000,0.000000,0.000000,0.000000,
			0.000000,0.951199,-0.308579,0.000000,
			0.000000,0.308579,0.951199,0.000000,
			0.000000,1.000000,0.000000,1.000000;;,
			35;16;
			1.000000,0.000000,0.000000,0.000000,
			0.000000,0.996288,-0.086084,0.000000,
			0.000000,0.086084,0.996288,0.000000,
			0.000000,1.000000,0.000000,1.000000;;,
			36;16;
			1.000000,0.000000,0.000000,0.000000,
			0.000000,0.999354,0.035945,0.000000,
			0.000000,-0.035945,0.999354,0.000000,
			0.000000,1.000000,0.000000,1.000000;;,
			37;16;
			1.000000,0.000000,0.000000,0.000000,
			0.000000,0.987544,0.157343,0.000000,
			0.000000,-0.157343,0.987544,0.000000,
			0.000000,1.000000,0.000000,1.000000;;,
			38;16;
			1.000000,0.000000,0.000000,0.000000,
			0.000000,0.961833,0.273636,0.000000,
			0.000000,-0.273636,0.961833,0.000000,
			0.000000,1.000000,0.000000,1.000000;;,
			40;16;
			1.000000,0.000000,0.000000,0.000000,
			0.000000,0.878371,0.477979,0.000000,
			0.000000,-0.477979,0.878371,0.000000,
			0.000000,1.000000,0.000000,1.000000;;,
			41;16;
			1.000000,0.000000,0.000000,0.000000,
			0.000000,0.829440,0.558596,0.000000,
			0.000000,-0.558596,0.829440,0.000000,
			0.000000,1.000000,0.000000,1.000000;;,
			42;16;
			1.000000,0.000000,0.000000,0.000000,
			0.000000,0.780018,0.625757,0.000000,
			0.000000,-0.625757,0.780018,0.000000,
			0.000000,1.000000,0.000000,1.000000;;,
			43;16;
			1.000000,0.000000,0.000000,0.000000,
			0.000000,0.732850,0.680390,0.000000,
			0.000000,-0.680390,0.732850,0.000000,
			0.000000,1.000000,0.000000,1.000000;;,
			45;16;
			1.000000,0.000000,0.000000,0.000000,
			0.000000,0.653681,0.756770,0.000000,
			0.000000,-0.756770,0.653681,0.000000,
			0.000000,1.000000,0.000000,1.000000;;,
			46;16;
			1.000000,0.000000,0.000000,0.000000,
			0.000000,0.627177,0.778877,0.000000,
			0.000000,-0.778877,0.627177,0.000000,
			0.000000,1.000000,0.000000,1.000000;;,
			47;16;
			1.000000,0.000000,0.000000,0.000000,
			0.000000,0.608406,0.793626,0.000000,
			0.000000,-0.793626,0.608406,0.000000,
			0.000000,1.000000,0.000000,1.000000;;,
			48;16;
			1.000000,0.000000,0.000000,0.000000,
			0.000000,0.597623,0.801777,0.000000,
			0.000000,-0.801777,0.597623,0.000000,
			0.000000,1.000000,0.000000,1.000000;;,
			50;16;
			1.000000,0.000000,0.000000,0.000000,
			0.000000,0.597623,0.801777,0.000000,
			0.000000,-0.801777,0.597623,0.000000,
			0.000000,1.000000,0.000000,1.000000;;,
			51;16;
			1.000000,0.000000,0.000000,0.000000,
			0.000000,0.607264,0.794500,0.000000,
			0.000000,-0.794500,0.607264,0.000000,
			0.000000,1.000000,0.000000,1.000000;;,
			52;16;
			1.000000,0.000000,0.000000,0.000000,
			0.000000,0.621636,0.783307,0.000000,
			0.000000,-0.783307,0.621636,0.000000,
			0.000000,1.000000,0.000000,1.000000;;,
			53;16;
			1.000000,0.000000,0.000000,0.000000,
			0.000000,0.640451,0.767999,0.000000,
			0.000000,-0.767999,0.640451,0.000000,
			0.000000,1.000000,0.000000,1.000000;;,
			55;16;
			1.000000,0.000000,0.000000,0.000000,
			0.000000,0.690304,0.723520,0.000000,
			0.000000,-0.723520,0.690304,0.000000,
			0.000000,1.000000,0.000000,1.000000;;,
			56;16;
			1.000000,0.000000,0.000000,0.000000,
			0.000000,0.721465,0.692451,0.000000,
			0.000000,-0.692451,0.721465,0.000000,
			0.000000,1.000000,0.000000,1.000000;;,
			57;16;
			1.000000,0.000000,0.000000,0.000000,
			0.000000,0.754447,0.656361,0.000000,
			0.000000,-0.656361,0.754447,0.000000,
			0.000000,1.000000,0.000000,1.000000;;,
			58;16;
			1.000000,0.000000,0.000000,0.000000,
			0.000000,0.788405,0.615156,0.000000,
			0.000000,-0.615156,0.788405,0.000000,
			0.000000,1.000000,0.000000,1.000000;;,
			60;16;
			1.000000,0.000000,0.000000,0.000000,
			0.000000,0.854956,0.518700,0.000000,
			0.000000,-0.518700,0.854956,0.000000,
			0.000000,1.000000,0.000000,1.000000;;,
			61;16;
			1.000000,0.000000,0.000000,0.000000,
			0.000000,0.885555,0.464534,0.000000,
			0.000000,-0.464534,0.885555,0.000000,
			0.000000,1.000000,0.000000,1.000000;;,
			62;16;
			1.000000,0.000000,0.000000,0.000000,
			0.000000,0.912688,0.408657,0.000000,
			0.000000,-0.408657,0.912688,0.000000,
			0.000000,1.000000,0.000000,1.000000;;,
			63;16;
			1.000000,0.000000,0.000000,0.000000,
			0.000000,0.935962,0.352100,0.000000,
			0.000000,-0.352100,0.935962,0.000000,
			0.000000,1.000000,0.000000,1.000000;;,
			65;16;
			1.000000,0.000000,0.000000,0.000000,
			0.000000,0.970241,0.242143,0.000000,
			0.000000,-0.242143,0.970241,0.000000,
			0.000000,1.000000,0.000000,1.000000;;,
			66;16;
			1.000000,0.000000,0.000000,0.000000,
			0.000000,0.981250,0.192739,0.000000,
			0.000000,-0.192739,0.981250,0.000000,
			0.000000,1.000000,0.000000,1.000000;;,
			67;16;
			1.000000,0.000000,0.000000,0.000000,
			0.000000,0.989021,0.147774,0.000000,
			0.000000,-0.147774,0.989021,0.000000,
			0.000000,1.000000,0.000000,1.000000;;,
			68;16;
			1.000000,0.000000,0.000000,0.000000,
			0.000000,0.994158,0.107935,0.000000,
			0.000000,-0.107935,0.994158,0.000000,
			0.000000,1.000000,0.000000,1.000000;;,
			70;16;
			1.000000,0.000000,0.000000,0.000000,
			0.000000,0.998972,0.045333,0.000000,
			0.000000,-0.045333,0.998972,0.000000,
			0.000000,1.000000,0.000000,1.000000;;,
			71;16;
			1.000000,0.000000,0.000000,0.000000,
			0.000000,0.999685,0.025116,0.000000,
			0.000000,-0.025116,0.999685,0.000000,
			0.000000,1.000000,0.000000,1.000000;;,
			72;16;
			1.000000,0.000000,0.000000,0.000000,
			0.000000,0.999939,0.011025,0.000000,
			0.000000,-0.011025,0.999939,0.000000,
			0.000000,1.000000,0.000000,1.000000;;,
			73;16;
			1.000000,0.000000,0.000000,0.000000,
			0.000000,0.999996,0.002972,0.000000,
			0.000000,-0.002972,0.999996,0.000000,
			0.000000,1.000000,0.000000,1.000000;;;
		}
	}
}
